{
  "type": "scene",
  "distance_m": 0.6,
  "num_objects": 3,
  "intrinsics": {
    "width": 640,
    "height": 480,
    "fx": 554.2562584220408,
    "fy": 554.2562584220408,
    "cx": 0.006351557851523304,
    "cy": -0.05945603710708266
  },
  "T_wc": [
    [
      0.999999999999,
      0.0,
      0.0,
      0.0
    ],
    [
      -0.0,
      0.9999999999973334,
      0.0,
      0.0
    ],
    [
      0.0,
      0.0,
      -0.9999999999983333,
      0.6150141660124063
    ],
    [
      0.0,
      0.0,
      0.0,
      1.0
    ]
  ],
  "bin_size": {
    "w": 0.25,
    "d": 0.25
  },
  "z_floor": 0.0,
  "piece_aabb": {
    "w": 0.0300283320248127,
    "d": 0.0300283320248127,
    "h": 0.0300283320248127
  },
  "poses": [
    {
      "R": [
        [
          0.564148440039353,
          -0.8192327948265101,
          0.10292796258505099
        ],
        [
          0.24627476019457767,
          0.28594183530181594,
          0.9260593983731995
        ],
        [
          -0.7880896396300789,
          -0.49708640567307233,
          0.3630700004169416
        ]
      ],
      "tx": -0.02498332487966194,
      "ty": 0.04180690342041046,
      "tz": 0.0
    },
    {
      "R": [
        [
          0.5898395455401766,
          0.23699423927697733,
          -0.7719605178158304
        ],
        [
          0.7681425928108891,
          0.1302134034523883,
          0.6268982586282326
        ],
        [
          0.24909088226332715,
          -0.9627451376718932,
          -0.10524035472386517
        ]
      ],
      "tx": 0.0666041868042937,
      "ty": 0.06141835646561297,
      "tz": 0.0
    },
    {
      "R": [
        [
          0.14042146210608464,
          0.12654325999818472,
          0.9819718001699546
        ],
        [
          -0.6801803941921176,
          -0.7083804035230332,
          0.18855194313822365
        ],
        [
          0.7194695576163351,
          -0.6943947056635558,
          -0.01339956752208149
        ]
      ],
      "tx": 0.006351557851523304,
      "ty": -0.05945603710708266,
      "tz": 0.0
    }
  ],
  "points_N": 3289
}