{
  "type": "scene",
  "distance_m": 0.6,
  "num_objects": 12,
  "intrinsics": {
    "width": 640,
    "height": 480,
    "fx": 554.2562584220408,
    "fy": 554.2562584220408,
    "cx": -0.09781987419638599,
    "cy": 0.015429050853431922
  },
  "T_wc": [
    [
      0.999999999999,
      0.0,
      0.0,
      0.0
    ],
    [
      -0.0,
      0.9999999999973334,
      0.0,
      0.0
    ],
    [
      0.0,
      0.0,
      -0.9999999999983333,
      0.6150141660124063
    ],
    [
      0.0,
      0.0,
      0.0,
      1.0
    ]
  ],
  "bin_size": {
    "w": 0.25,
    "d": 0.25
  },
  "z_floor": 0.0,
  "piece_aabb": {
    "w": 0.0300283320248127,
    "d": 0.0300283320248127,
    "h": 0.0300283320248127
  },
  "poses": [
    {
      "R": [
        [
          0.9066519985225348,
          0.2062052664192202,
          -0.36805100417750813
        ],
        [
          -0.399605731676018,
          0.6994766081989163,
          -0.5924928132848652
        ],
        [
          0.13526792963140966,
          0.6842600840934083,
          0.7165826711062122
        ]
      ],
      "tx": -0.03580451526271218,
      "ty": 0.059273855301304273,
      "tz": 0.0
    },
    {
      "R": [
        [
          -0.7146773228049821,
          -0.5491309027771383,
          0.4332338581914716
        ],
        [
          -0.33458603564918116,
          0.8123221939507631,
          0.4776869664995933
        ],
        [
          -0.6142381533386443,
          0.19643804323547862,
          -0.7642797826404595
        ]
      ],
      "tx": -0.02448202500202154,
      "ty": -0.08825777065597884,
      "tz": 0.0
    },
    {
      "R": [
        [
          -0.8361957939841944,
          0.30132197082705164,
          -0.4582375628645519
        ],
        [
          0.5483577089660006,
          0.4457036273122936,
          -0.7075677350036695
        ],
        [
          -0.00896756046546271,
          -0.8429432641035608,
          -0.5379277241058809
        ]
      ],
      "tx": -0.06404422966947396,
      "ty": -0.03327552637037058,
      "tz": 0.0
    },
    {
      "R": [
        [
          0.4285434354484583,
          0.5548026952753956,
          -0.7131230561755731
        ],
        [
          -0.7754352881784593,
          0.6309369433405796,
          0.024873427098735967
        ],
        [
          0.4637355256842234,
          0.54232143867194,
          0.7005974731435836
        ]
      ],
      "tx": 0.011870758111288932,
      "ty": 0.09855343817476575,
      "tz": 0.0
    },
    {
      "R": [
        [
          -0.18864734584761345,
          0.9588734660489735,
          0.21207040107445257
        ],
        [
          -0.1410931286468004,
          -0.24017134196283374,
          0.9604220195041497
        ],
        [
          0.9718564235283464,
          0.1512593884920863,
          0.18059814351119918
        ]
      ],
      "tx": 0.0738088637697569,
      "ty": -0.08117596377955134,
      "tz": 0.0
    },
    {
      "R": [
        [
          0.29370847246393217,
          -0.4048337052351896,
          -0.8659359123563656
        ],
        [
          -0.9540960236761922,
          -0.06860326946749074,
          -0.29153793753755225
        ],
        [
          0.05861834873299121,
          0.9118131730370638,
          -0.40639958989632197
        ]
      ],
      "tx": -0.09857654077296445,
      "ty": 0.07571812203638464,
      "tz": 0.0
    },
    {
      "R": [
        [
          0.20338826991530945,
          0.8213638291423464,
          0.532911504696117
        ],
        [
          -0.8790512520191356,
          0.3928746222188205,
          -0.2700341229178441
        ],
        [
          -0.4311636672824457,
          -0.4135347523401648,
          0.8019269920775276
        ]
      ],
      "tx": 0.07004953503403344,
      "ty": 0.01936295232603842,
      "tz": 0.0
    },
    {
      "R": [
        [
          0.578167276654526,
          -0.5822983528180583,
          -0.5715341009172284
        ],
        [
          -0.8130173613856391,
          -0.4701706038412963,
          -0.3434273916988037
        ],
        [
          -0.06874132884533024,
          0.6632256264567031,
          -0.745255927933278
        ]
      ],
      "tx": 0.024147696706106406,
      "ty": -0.04874553061219458,
      "tz": 0.0
    },
    {
      "R": [
        [
          0.7639347041982558,
          -0.6234671097263826,
          0.16641072925431866
        ],
        [
          0.6171876297441472,
          0.781227140142507,
          0.0936140224301948
        ],
        [
          -0.1883698420987947,
          0.031191643018448196,
          0.9816027118918758
        ]
      ],
      "tx": 0.0855455311336952,
      "ty": 0.09798178756045353,
      "tz": 0.0
    },
    {
      "R": [
        [
          0.6030282127155886,
          -0.7974537666565356,
          0.020602541453584144
        ],
        [
          0.05991289128393967,
          0.01952159026676925,
          -0.9980127018086771
        ],
        [
          0.7954667938556843,
          0.6030641736654236,
          0.05954983051359708
        ]
      ],
      "tx": -0.09584989238003296,
      "ty": -0.08091277117176146,
      "tz": 0.0
    },
    {
      "R": [
        [
          -0.08028338113852418,
          -0.9449073427530226,
          -0.31734002635089714
        ],
        [
          0.816631136094274,
          -0.24490378592412787,
          0.5226238831142371
        ],
        [
          -0.5715489185313374,
          -0.21719173384696402,
          0.791302460803837
        ]
      ],
      "tx": -0.009546832627056204,
      "ty": 0.0010295230212374884,
      "tz": 0.0
    },
    {
      "R": [
        [
          0.32552567812108735,
          0.9295777905166114,
          0.17296868000323362
        ],
        [
          -0.48313960267001116,
          0.3207756111339437,
          -0.8146650425994162
        ],
        [
          -0.8127786643457553,
          0.18162637110260083,
          0.5535365427001459
        ]
      ],
      "tx": -0.09781987419638599,
      "ty": 0.015429050853431922,
      "tz": 0.0
    }
  ],
  "points_N": 14309
}