{
  "type": "scene",
  "distance_m": 0.6,
  "num_objects": 4,
  "intrinsics": {
    "width": 640,
    "height": 480,
    "fx": 554.2562584220408,
    "fy": 554.2562584220408,
    "cx": -0.09519981238397868,
    "cy": 0.07962936653709332
  },
  "T_wc": [
    [
      0.999999999999,
      0.0,
      0.0,
      0.0
    ],
    [
      -0.0,
      0.9999999999973334,
      0.0,
      0.0
    ],
    [
      0.0,
      0.0,
      -0.9999999999983333,
      0.6150141660124063
    ],
    [
      0.0,
      0.0,
      0.0,
      1.0
    ]
  ],
  "bin_size": {
    "w": 0.25,
    "d": 0.25
  },
  "z_floor": 0.0,
  "piece_aabb": {
    "w": 0.0300283320248127,
    "d": 0.0300283320248127,
    "h": 0.0300283320248127
  },
  "poses": [
    {
      "R": [
        [
          0.3258516108666115,
          0.9346541183880422,
          0.14227581198470216
        ],
        [
          -0.9090852104543324,
          0.3510798641164078,
          -0.22429224049263752
        ],
        [
          -0.2595858390375656,
          -0.056254848611266575,
          0.9640801751819641
        ]
      ],
      "tx": -0.08085671724610666,
      "ty": 0.012686062646871027,
      "tz": 0.0
    },
    {
      "R": [
        [
          0.897999702832507,
          0.1315333552447015,
          -0.4198755889198613
        ],
        [
          -0.4001715718340017,
          0.6408695497796063,
          -0.6550945987116586
        ],
        [
          0.1829186890632928,
          0.7562970293630379,
          0.6281365747733614
        ]
      ],
      "tx": -0.011043572599054835,
      "ty": -0.046523164792730075,
      "tz": 0.0
    },
    {
      "R": [
        [
          -0.10652880860495761,
          -0.41340194398890323,
          0.9042955521528367
        ],
        [
          -0.987775508646831,
          0.14809316244627624,
          -0.04866168671712162
        ],
        [
          -0.11380315221777815,
          -0.8984248705055178,
          -0.4241245036571699
        ]
      ],
      "tx": 0.08368712857337277,
      "ty": 0.02911376511916214,
      "tz": 0.0
    },
    {
      "R": [
        [
          -0.12171184768642362,
          -0.5827252316347884,
          -0.8035032859602624
        ],
        [
          0.9296031597975822,
          0.21680702345031988,
          -0.2980481167143375
        ],
        [
          0.34788531361227043,
          -0.783215180521161,
          0.515315233205945
        ]
      ],
      "tx": -0.09519981238397868,
      "ty": 0.07962936653709332,
      "tz": 0.0
    }
  ],
  "points_N": 4444
}