{
  "type": "scene",
  "distance_m": 0.6,
  "num_objects": 4,
  "intrinsics": {
    "width": 640,
    "height": 480,
    "fx": 554.2562584220408,
    "fy": 554.2562584220408,
    "cx": -0.09552774637868786,
    "cy": 0.002511981569190802
  },
  "T_wc": [
    [
      0.999999999999,
      0.0,
      0.0,
      0.0
    ],
    [
      -0.0,
      0.9999999999973334,
      0.0,
      0.0
    ],
    [
      0.0,
      0.0,
      -0.9999999999983333,
      0.6150141660124063
    ],
    [
      0.0,
      0.0,
      0.0,
      1.0
    ]
  ],
  "bin_size": {
    "w": 0.25,
    "d": 0.25
  },
  "z_floor": 0.0,
  "piece_aabb": {
    "w": 0.0300283320248127,
    "d": 0.0300283320248127,
    "h": 0.0300283320248127
  },
  "poses": [
    {
      "R": [
        [
          -0.3023005403310326,
          -0.5699117009078145,
          0.7640778994866475
        ],
        [
          -0.2520364469983757,
          0.8208436043249994,
          0.5125362490821297
        ],
        [
          -0.9192888624910021,
          -0.03763549397982807,
          -0.39177998531432623
        ]
      ],
      "tx": 0.044646974897959046,
      "ty": 0.03520528302955017,
      "tz": 0.0
    },
    {
      "R": [
        [
          -0.5927371189618347,
          -0.5772191854685362,
          -0.5616767039248322
        ],
        [
          -0.7776795363680447,
          0.5915686463565202,
          0.21274650493556277
        ],
        [
          0.20946896314062147,
          0.5629072291017001,
          -0.799536243647428
        ]
      ],
      "tx": 0.048507814939878297,
      "ty": -0.05776325716279922,
      "tz": 0.0
    },
    {
      "R": [
        [
          -0.11664828233983293,
          -0.9851667635320137,
          0.12585557698816396
        ],
        [
          -0.8313889944945293,
          0.16618133520841694,
          0.5302604111771149
        ],
        [
          -0.5433097809358319,
          -0.04278097544709439,
          -0.8384415722513126
        ]
      ],
      "tx": -0.0426000312698112,
      "ty": -0.05081310741882044,
      "tz": 0.0
    },
    {
      "R": [
        [
          0.7667242730607073,
          -0.017654147166368928,
          -0.6417337611403642
        ],
        [
          0.6419765280785873,
          0.020831211557770346,
          0.7664412554274451
        ],
        [
          -0.00016277497561412169,
          -0.9996271263390482,
          0.02730534364265924
        ]
      ],
      "tx": -0.09552774637868786,
      "ty": 0.002511981569190802,
      "tz": 0.0
    }
  ],
  "points_N": 4368
}