{
  "type": "scene",
  "distance_m": 0.6,
  "num_objects": 11,
  "intrinsics": {
    "width": 640,
    "height": 480,
    "fx": 554.2562584220408,
    "fy": 554.2562584220408,
    "cx": -0.09647301853224455,
    "cy": 0.04266733466176148
  },
  "T_wc": [
    [
      0.999999999999,
      0.0,
      0.0,
      0.0
    ],
    [
      -0.0,
      0.9999999999973334,
      0.0,
      0.0
    ],
    [
      0.0,
      0.0,
      -0.9999999999983333,
      0.6150141660124063
    ],
    [
      0.0,
      0.0,
      0.0,
      1.0
    ]
  ],
  "bin_size": {
    "w": 0.25,
    "d": 0.25
  },
  "z_floor": 0.0,
  "piece_aabb": {
    "w": 0.0300283320248127,
    "d": 0.0300283320248127,
    "h": 0.0300283320248127
  },
  "poses": [
    {
      "R": [
        [
          -0.6641825128998,
          0.6979264750984207,
          0.2678809902079667
        ],
        [
          -0.6394206616907785,
          -0.716017427982063,
          0.28010758688203785
        ],
        [
          0.3873019583749017,
          0.014753920924451963,
          0.9218348631161228
        ]
      ],
      "tx": -0.026269956955276022,
      "ty": -0.0302326635342461,
      "tz": 0.0
    },
    {
      "R": [
        [
          0.3284278318091951,
          -0.04300148765927997,
          -0.943549697340951
        ],
        [
          -0.9261394429383512,
          0.18150266059869435,
          -0.33063955666168565
        ],
        [
          0.18547477328993273,
          0.9824498237847489,
          0.01978515146174331
        ]
      ],
      "tx": 0.07398024424887278,
      "ty": -0.007255878645197708,
      "tz": 0.0
    },
    {
      "R": [
        [
          -0.4827447879531248,
          0.2601716265210273,
          -0.8362225747117185
        ],
        [
          -0.7584729051468982,
          -0.601554775150348,
          0.25070042810461707
        ],
        [
          -0.43780854475685677,
          0.7552764905961373,
          0.487730561776342
        ]
      ],
      "tx": -0.0974813954996445,
      "ty": -0.02186281723916217,
      "tz": 0.0
    },
    {
      "R": [
        [
          -0.05892618453270648,
          -0.2520654695676845,
          -0.9659144391860185
        ],
        [
          -0.9299597118431617,
          -0.33789899482026575,
          0.14491101976053505
        ],
        [
          -0.3629085823248074,
          0.9068005670218107,
          -0.21449963292258034
        ]
      ],
      "tx": 0.05936483521403363,
      "ty": -0.07845499333006983,
      "tz": 0.0
    },
    {
      "R": [
        [
          0.6814700650194538,
          -0.6746185408764906,
          -0.2837047316983906
        ],
        [
          -0.6058605554450394,
          -0.7374960955761096,
          0.2983831368657113
        ],
        [
          -0.4105259283385273,
          -0.031453669351412056,
          -0.9113062760927975
        ]
      ],
      "tx": 0.018673307440578907,
      "ty": 0.05217472838475387,
      "tz": 0.0
    },
    {
      "R": [
        [
          0.1931112945752862,
          -0.5839988921868104,
          0.7884499488439548
        ],
        [
          -0.03983478367167642,
          0.7982467778721704,
          0.6010118731161047
        ],
        [
          -0.9803678992690895,
          -0.1474699140207118,
          0.13088699913068547
        ]
      ],
      "tx": -0.0638782949444621,
      "ty": 0.09014416014747634,
      "tz": 0.0
    },
    {
      "R": [
        [
          -0.319486419329047,
          -0.6178687111410452,
          0.7184474118940146
        ],
        [
          -0.6094126058198543,
          0.7145651058088283,
          0.3435301812479843
        ],
        [
          -0.725634001223867,
          -0.32807768188848463,
          -0.6048308283433634
        ]
      ],
      "tx": -0.0019038188313148519,
      "ty": -0.09313367581485846,
      "tz": 0.0
    },
    {
      "R": [
        [
          0.016791350021017615,
          0.8841196416616174,
          -0.46695878810940566
        ],
        [
          -0.9109444926585178,
          -0.179001361409731,
          -0.3716700740019005
        ],
        [
          -0.4121870714367288,
          0.43161437863166235,
          0.8023782439092033
        ]
      ],
      "tx": -0.08162780727710924,
      "ty": -0.0903264992038921,
      "tz": 0.0
    },
    {
      "R": [
        [
          -0.9559808101656289,
          -0.11196933438481947,
          -0.2712260288993073
        ],
        [
          0.29186652831836934,
          -0.26758141798121304,
          -0.9182669080384774
        ],
        [
          0.030242689074384432,
          -0.9570073421393294,
          0.28848280165196394
        ]
      ],
      "tx": 0.0781249234834824,
      "ty": 0.058403227068949154,
      "tz": 0.0
    },
    {
      "R": [
        [
          -0.9649815702718987,
          0.003802201218583129,
          0.26229013001154705
        ],
        [
          -0.06727019990632002,
          0.9628702229786056,
          -0.26144914210166015
        ],
        [
          -0.25354543821600223,
          -0.26993791317083216,
          -0.9288962449018898
        ]
      ],
      "tx": -0.038635232632816076,
      "ty": 0.03592412426496169,
      "tz": 0.0
    },
    {
      "R": [
        [
          0.7236522051356105,
          0.2310248535626348,
          0.6503499081561643
        ],
        [
          -0.361715672272122,
          -0.6755701311602738,
          0.642469275776529
        ],
        [
          0.5877833431078965,
          -0.7001660623883837,
          -0.40531250491990867
        ]
      ],
      "tx": -0.09647301853224455,
      "ty": 0.04266733466176148,
      "tz": 0.0
    }
  ],
  "points_N": 12521
}