{
  "type": "scene",
  "distance_m": 0.6,
  "num_objects": 11,
  "intrinsics": {
    "width": 640,
    "height": 480,
    "fx": 554.2562584220408,
    "fy": 554.2562584220408,
    "cx": 0.008816862575393908,
    "cy": 0.08874637197216609
  },
  "T_wc": [
    [
      0.999999999999,
      0.0,
      0.0,
      0.0
    ],
    [
      -0.0,
      0.9999999999973334,
      0.0,
      0.0
    ],
    [
      0.0,
      0.0,
      -0.9999999999983333,
      0.6150141660124063
    ],
    [
      0.0,
      0.0,
      0.0,
      1.0
    ]
  ],
  "bin_size": {
    "w": 0.25,
    "d": 0.25
  },
  "z_floor": 0.0,
  "piece_aabb": {
    "w": 0.0300283320248127,
    "d": 0.0300283320248127,
    "h": 0.0300283320248127
  },
  "poses": [
    {
      "R": [
        [
          0.2975432686743321,
          0.5324504532030987,
          -0.7924421229026186
        ],
        [
          -0.7260374814805965,
          0.6651886804667956,
          0.1743375887872599
        ],
        [
          0.619949658240011,
          0.5234697071107917,
          0.5845014003280363
        ]
      ],
      "tx": 0.06657315652049356,
      "ty": 0.09306310784406047,
      "tz": 0.0
    },
    {
      "R": [
        [
          0.5429488680053376,
          0.16236627687602095,
          -0.8239197284111734
        ],
        [
          0.7757626305923777,
          0.27871058562964035,
          0.5661384551806888
        ],
        [
          0.32155694318132283,
          -0.9465503692838549,
          0.02536790689988555
        ]
      ],
      "tx": -0.048025979818249874,
      "ty": 0.07284906287231321,
      "tz": 0.0
    },
    {
      "R": [
        [
          -0.05074426320951586,
          0.9501327460220774,
          -0.30768942895047624
        ],
        [
          0.7349521194412696,
          0.2441284938046786,
          0.6326505043398329
        ],
        [
          0.6762177178099591,
          -0.1940336142249731,
          -0.7106901959860468
        ]
      ],
      "tx": 0.06423591506007015,
      "ty": -0.00108592605904817,
      "tz": 0.0
    },
    {
      "R": [
        [
          0.9780948802591075,
          -0.20333841317045884,
          -0.04454093555642777
        ],
        [
          -0.08941630710992507,
          -0.6036440465144011,
          0.7922238251469992
        ],
        [
          -0.1879764060560411,
          -0.7708873814228895,
          -0.6086029213939208
        ]
      ],
      "tx": -0.035688608792655535,
      "ty": -0.037419509193499234,
      "tz": 0.0
    },
    {
      "R": [
        [
          -0.21611667964415493,
          0.9750699224751274,
          0.05032123869635052
        ],
        [
          0.25395935736644276,
          0.006373346378889533,
          0.9671938922790808
        ],
        [
          0.9427609588785533,
          0.22180628201267,
          -0.24900551735675824
        ]
      ],
      "tx": 0.09073105360818434,
      "ty": -0.09686725431621561,
      "tz": 0.0
    },
    {
      "R": [
        [
          0.10598271733013531,
          -0.6769304090806791,
          0.7283768838240168
        ],
        [
          -0.9756208034767138,
          0.07077785012355431,
          0.2077367173981035
        ],
        [
          -0.1921762510061336,
          -0.7326361424293456,
          -0.6529261607222334
        ]
      ],
      "tx": -0.0733512041801836,
      "ty": 0.017785661118583,
      "tz": 0.0
    },
    {
      "R": [
        [
          0.4280564656797986,
          0.9010059114011677,
          -0.07039893330065966
        ],
        [
          0.3888170319698519,
          -0.11328250842528598,
          0.9143240065398207
        ],
        [
          0.8158363670736153,
          -0.41875460702543477,
          -0.39881775443816325
        ]
      ],
      "tx": 0.04502431423137329,
      "ty": -0.0589325164194974,
      "tz": 0.0
    },
    {
      "R": [
        [
          0.061748786383825416,
          0.5004227418235094,
          0.8635763815934093
        ],
        [
          0.2941348603741557,
          -0.8359270119787521,
          0.46336887525701487
        ],
        [
          0.9537671473125925,
          0.2253954527272373,
          -0.1988092517894553
        ]
      ],
      "tx": -0.011073064795620036,
      "ty": 0.018434342259372835,
      "tz": 0.0
    },
    {
      "R": [
        [
          0.6303943769892988,
          0.5718844432546341,
          0.5249296267344901
        ],
        [
          -0.3431086673489739,
          0.8118459752675083,
          -0.4724220092586282
        ],
        [
          -0.6963328025091773,
          0.1177042735217605,
          0.7080016469927379
        ]
      ],
      "tx": -0.009860933763854746,
      "ty": -0.09488799778495216,
      "tz": 0.0
    },
    {
      "R": [
        [
          -0.8263890394447058,
          -0.44974678904847615,
          0.3388347402883035
        ],
        [
          -0.5546242359715088,
          0.5460939898582622,
          -0.6278322316620137
        ],
        [
          0.09732991502450192,
          -0.7067596338086024,
          -0.7007265569821466
        ]
      ],
      "tx": -0.08521353716599371,
      "ty": -0.0889565244628313,
      "tz": 0.0
    },
    {
      "R": [
        [
          0.45926289438785073,
          -0.8766235591239674,
          0.14355740812414464
        ],
        [
          0.7636873873661744,
          0.4721912063562862,
          0.4402465661622156
        ],
        [
          -0.4537170574447481,
          -0.09255593027258399,
          0.8863262557066984
        ]
      ],
      "tx": 0.008816862575393908,
      "ty": 0.08874637197216609,
      "tz": 0.0
    }
  ],
  "points_N": 12830
}