{
  "type": "scene",
  "distance_m": 0.6,
  "num_objects": 9,
  "intrinsics": {
    "width": 640,
    "height": 480,
    "fx": 554.2562584220408,
    "fy": 554.2562584220408,
    "cx": -0.09679756054149634,
    "cy": 0.09530308243410249
  },
  "T_wc": [
    [
      0.999999999999,
      0.0,
      0.0,
      0.0
    ],
    [
      -0.0,
      0.9999999999973334,
      0.0,
      0.0
    ],
    [
      0.0,
      0.0,
      -0.9999999999983333,
      0.6150141660124063
    ],
    [
      0.0,
      0.0,
      0.0,
      1.0
    ]
  ],
  "bin_size": {
    "w": 0.25,
    "d": 0.25
  },
  "z_floor": 0.0,
  "piece_aabb": {
    "w": 0.0300283320248127,
    "d": 0.0300283320248127,
    "h": 0.0300283320248127
  },
  "poses": [
    {
      "R": [
        [
          -0.23485825101402602,
          0.18161530549759858,
          0.9549122906003706
        ],
        [
          -0.8698680544022235,
          0.3991413187686994,
          -0.28985474911078096
        ],
        [
          -0.43378700978835566,
          -0.8987224757735823,
          0.06423972040941284
        ]
      ],
      "tx": -0.05147599982430956,
      "ty": -0.0714243591660435,
      "tz": 0.0
    },
    {
      "R": [
        [
          -0.6784701836816374,
          -0.10638659745532067,
          -0.7268838296020101
        ],
        [
          0.22527492160060972,
          -0.9719178818067649,
          -0.06802088445536
        ],
        [
          -0.6992348815332683,
          -0.2098988396969594,
          0.6833835361940075
        ]
      ],
      "tx": 0.044824070438537256,
      "ty": 0.05351832218386607,
      "tz": 0.0
    },
    {
      "R": [
        [
          -0.7554462533349693,
          0.21813660357440318,
          0.6178328095068931
        ],
        [
          -0.6302574820857523,
          -0.49968137547082225,
          -0.5942171566712918
        ],
        [
          0.1790990357234923,
          -0.8382928755444666,
          0.5149646494802381
        ]
      ],
      "tx": 0.06960960772443539,
      "ty": -0.0036458184628464785,
      "tz": 0.0
    },
    {
      "R": [
        [
          0.18841200948758252,
          0.23102527149547958,
          0.9545303759500225
        ],
        [
          0.7445344854942051,
          0.6002231707445892,
          -0.2922337167597043
        ],
        [
          -0.640444622579291,
          0.765741124161261,
          -0.058917027908049535
        ]
      ],
      "tx": 0.0803685127269127,
      "ty": -0.09305213323572763,
      "tz": 0.0
    },
    {
      "R": [
        [
          0.7368325144418859,
          0.6251322146048525,
          -0.25746370603345364
        ],
        [
          0.6368423757803344,
          -0.5139335044915514,
          0.5747209247726165
        ],
        [
          0.22695733976169913,
          -0.5874368623301273,
          -0.7767936010962162
        ]
      ],
      "tx": -0.045988498691276386,
      "ty": 0.0683774360954175,
      "tz": 0.0
    },
    {
      "R": [
        [
          0.7309475329932023,
          0.6448811786692095,
          -0.22325763012574154
        ],
        [
          -0.5907373770782378,
          0.4341185132791521,
          -0.6801253323844234
        ],
        [
          -0.34167975552244123,
          0.62902256066576,
          0.6982732723222442
        ]
      ],
      "tx": -0.08094737640152688,
      "ty": 0.010714970775052263,
      "tz": 0.0
    },
    {
      "R": [
        [
          -0.47205997784757425,
          0.8289055479769467,
          0.30012492373607647
        ],
        [
          -0.8734358040505288,
          -0.3936364928416336,
          -0.2866360195543205
        ],
        [
          -0.1194540644647729,
          -0.39744924712015295,
          0.9098158178700069
        ]
      ],
      "tx": -0.02397362579764903,
      "ty": -0.009573509861538806,
      "tz": 0.0
    },
    {
      "R": [
        [
          -0.15270692082916204,
          0.22671791217110454,
          -0.9619145412310033
        ],
        [
          0.7804353323432471,
          0.6247997717004278,
          0.023365301482728418
        ],
        [
          0.6063013181258652,
          -0.7471440514277475,
          -0.2723499184045588
        ]
      ],
      "tx": 0.01803000177676048,
      "ty": -0.09555338386811485,
      "tz": 0.0
    },
    {
      "R": [
        [
          0.6944753847761309,
          -0.39154402381207465,
          0.6036532260802508
        ],
        [
          -0.4478106566303751,
          0.4214699047566761,
          0.7885611803738951
        ],
        [
          -0.5631780852876976,
          -0.8179586767077222,
          0.11736288787446747
        ]
      ],
      "tx": -0.09679756054149634,
      "ty": 0.09530308243410249,
      "tz": 0.0
    }
  ],
  "points_N": 10612
}