{
  "type": "scene",
  "distance_m": 0.6,
  "num_objects": 12,
  "intrinsics": {
    "width": 640,
    "height": 480,
    "fx": 554.2562584220408,
    "fy": 554.2562584220408,
    "cx": -0.015512677860196541,
    "cy": 0.097472169210122
  },
  "T_wc": [
    [
      0.999999999999,
      0.0,
      0.0,
      0.0
    ],
    [
      -0.0,
      0.9999999999973334,
      0.0,
      0.0
    ],
    [
      0.0,
      0.0,
      -0.9999999999983333,
      0.6150141660124063
    ],
    [
      0.0,
      0.0,
      0.0,
      1.0
    ]
  ],
  "bin_size": {
    "w": 0.25,
    "d": 0.25
  },
  "z_floor": 0.0,
  "piece_aabb": {
    "w": 0.0300283320248127,
    "d": 0.0300283320248127,
    "h": 0.0300283320248127
  },
  "poses": [
    {
      "R": [
        [
          0.6070661738371952,
          0.7266407399295562,
          0.32165804149328436
        ],
        [
          0.4516911624478124,
          0.01749619027179572,
          -0.892002789845703
        ],
        [
          -0.6537933575291297,
          0.6867948153565229,
          -0.3175958552156932
        ]
      ],
      "tx": 0.02894001777740876,
      "ty": 0.05792434816685657,
      "tz": 0.0
    },
    {
      "R": [
        [
          -0.6406366276441424,
          0.5646940894123477,
          -0.5202934717094765
        ],
        [
          -0.21678063568560366,
          -0.7830520777839929,
          -0.5829542001477621
        ],
        [
          -0.7366076753010968,
          -0.26067226331340076,
          0.6240665860519877
        ]
      ],
      "tx": 0.04774680273867371,
      "ty": -0.045377734580018356,
      "tz": 0.0
    },
    {
      "R": [
        [
          0.6893696728511027,
          0.5456323867552539,
          -0.476502626096571
        ],
        [
          0.6643855114765753,
          -0.7383835865993018,
          0.11567874126546052
        ],
        [
          -0.28872365038765535,
          -0.3963268569810995,
          -0.8715295038851585
        ]
      ],
      "tx": -0.05167147519088632,
      "ty": -0.013912730800084913,
      "tz": 0.0
    },
    {
      "R": [
        [
          -0.338284045597131,
          0.7003406236637142,
          0.6285593968279831
        ],
        [
          -0.7101090107802215,
          -0.6282682506292616,
          0.3178430399741079
        ],
        [
          0.6175023055043384,
          -0.33882446207079997,
          0.7098513130221424
        ]
      ],
      "tx": -0.06998441687149032,
      "ty": 0.07435291244999212,
      "tz": 0.0
    },
    {
      "R": [
        [
          0.023791452023504744,
          0.5882683850832228,
          -0.8083157018901652
        ],
        [
          -0.15840078029806315,
          -0.7961125966448623,
          -0.584049592298753
        ],
        [
          -0.9870882228106959,
          0.141933225761102,
          0.07424149657348
        ]
      ],
      "tx": -0.02776360493791509,
      "ty": -0.0854143754391976,
      "tz": 0.0
    },
    {
      "R": [
        [
          0.7521853268131102,
          0.5587006980400122,
          -0.3493862678135158
        ],
        [
          -0.12061289818082327,
          0.6379900836918354,
          0.7605400593678858
        ],
        [
          0.647819236299353,
          -0.529926582764526,
          0.5472732900115216
        ]
      ],
      "tx": 0.08592481927769421,
      "ty": 0.06434249646539289,
      "tz": 0.0
    },
    {
      "R": [
        [
          0.023857774294652967,
          -0.9712210754652744,
          -0.23698191740675362
        ],
        [
          0.5704001101157443,
          -0.18145343439901152,
          0.8010732585255549
        ],
        [
          -0.8210204144755795,
          -0.1542863367796375,
          0.5496555333092428
        ]
      ],
      "tx": 0.007976890359849331,
      "ty": 0.0009515413115625121,
      "tz": 0.0
    },
    {
      "R": [
        [
          -0.21042026471208253,
          0.8826927061195082,
          -0.4202105409933415
        ],
        [
          0.9771162555604465,
          0.17622050481487672,
          -0.11912244457835144
        ],
        [
          -0.031098799302057056,
          -0.4356603266837704,
          -0.8995737570848548
        ]
      ],
      "tx": -0.09444503354483837,
      "ty": -0.06040479678060911,
      "tz": 0.0
    },
    {
      "R": [
        [
          -0.7249349238290121,
          0.15644878848692143,
          0.6708152747172642
        ],
        [
          -0.48510776426480384,
          -0.8073443684196417,
          -0.33595465145030073
        ],
        [
          0.4890192360869127,
          -0.5689629578118984,
          0.6611666502289026
        ]
      ],
      "tx": 0.09691603371548277,
      "ty": -0.08042528426589611,
      "tz": 0.0
    },
    {
      "R": [
        [
          0.09698865020800573,
          0.9038329396246972,
          -0.4167483880955122
        ],
        [
          -0.7163210804498513,
          0.35409674731205687,
          0.6012483706806856
        ],
        [
          0.6909973309890473,
          0.24021138772422881,
          0.68177795342297
        ]
      ],
      "tx": 0.09599451386302155,
      "ty": -0.011734181580097536,
      "tz": 0.0
    },
    {
      "R": [
        [
          0.7355905336065937,
          0.06442646111766182,
          -0.6743558392838468
        ],
        [
          -0.5980437074980011,
          -0.40582735214666954,
          -0.6911207450016741
        ],
        [
          -0.3181985084666682,
          0.9116761439006058,
          -0.25999291884993747
        ]
      ],
      "tx": -0.09893999687807732,
      "ty": 0.02142863197185972,
      "tz": 0.0
    },
    {
      "R": [
        [
          -0.8511417984676721,
          -0.14315432720591287,
          -0.5050390851245465
        ],
        [
          0.5016375780597913,
          -0.505256818334278,
          -0.7021931983471706
        ],
        [
          -0.15465244640652576,
          -0.851012565200388,
          0.5018567870334445
        ]
      ],
      "tx": -0.015512677860196541,
      "ty": 0.097472169210122,
      "tz": 0.0
    }
  ],
  "points_N": 14086
}