{
  "type": "scene",
  "distance_m": 0.6,
  "num_objects": 7,
  "intrinsics": {
    "width": 640,
    "height": 480,
    "fx": 554.2562584220408,
    "fy": 554.2562584220408,
    "cx": -0.08579848954842541,
    "cy": -0.09476627107560122
  },
  "T_wc": [
    [
      0.999999999999,
      0.0,
      0.0,
      0.0
    ],
    [
      -0.0,
      0.9999999999973334,
      0.0,
      0.0
    ],
    [
      0.0,
      0.0,
      -0.9999999999983333,
      0.6150141660124063
    ],
    [
      0.0,
      0.0,
      0.0,
      1.0
    ]
  ],
  "bin_size": {
    "w": 0.25,
    "d": 0.25
  },
  "z_floor": 0.0,
  "piece_aabb": {
    "w": 0.0300283320248127,
    "d": 0.0300283320248127,
    "h": 0.0300283320248127
  },
  "poses": [
    {
      "R": [
        [
          -0.3595037011336475,
          0.38937525437700116,
          -0.8480235846661662
        ],
        [
          -0.21665388247724293,
          0.8491187453027467,
          0.48172445607735787
        ],
        [
          0.9076443048236164,
          0.3569093269365973,
          -0.2209016710369549
        ]
      ],
      "tx": -0.08474178867528831,
      "ty": 0.08172647500354485,
      "tz": 0.0
    },
    {
      "R": [
        [
          -0.47904544073752686,
          -0.5965162246292891,
          0.6439595169438899
        ],
        [
          0.8461241374643659,
          -0.5090672484450338,
          0.15787488894939883
        ],
        [
          0.23364376668075545,
          0.6204989365942715,
          0.7485931204443486
        ]
      ],
      "tx": 0.04463393196106366,
      "ty": -0.051273743168475126,
      "tz": 0.0
    },
    {
      "R": [
        [
          0.6058319328884283,
          -0.6693972424703961,
          -0.42997093025657046
        ],
        [
          0.03998267829138924,
          -0.5141412634556155,
          0.856773101030203
        ],
        [
          -0.7945873485837276,
          -0.5362518932230383,
          -0.2847189008221773
        ]
      ],
      "tx": -0.00687218376116297,
      "ty": 0.018367814500518415,
      "tz": 0.0
    },
    {
      "R": [
        [
          -0.4040588276055017,
          -0.8894502131793756,
          -0.21357617402049175
        ],
        [
          0.8007191642935871,
          -0.23103631890574894,
          -0.5526943452573592
        ],
        [
          0.4422502501605253,
          -0.39433556474358866,
          0.8055520955290898
        ]
      ],
      "tx": -0.042761274594970825,
      "ty": -0.0497726891358745,
      "tz": 0.0
    },
    {
      "R": [
        [
          -0.879625699199887,
          -0.3687353601537273,
          -0.3004877093649785
        ],
        [
          0.4695403471816074,
          -0.572041351492067,
          -0.6725329393804481
        ],
        [
          0.07609528024579672,
          -0.7326683604165195,
          0.6763184028021734
        ]
      ],
      "tx": 0.0817953856883204,
      "ty": 0.06943937105829254,
      "tz": 0.0
    },
    {
      "R": [
        [
          -0.8882526083626785,
          0.2536989062695057,
          0.38294146901916404
        ],
        [
          0.3530110863539437,
          -0.15641423327994608,
          0.9224520369854768
        ],
        [
          0.29392256913702175,
          0.9545530119302456,
          0.04937682418695477
        ]
      ],
      "tx": 0.09097007892288578,
      "ty": -0.009645234408384537,
      "tz": 0.0
    },
    {
      "R": [
        [
          0.0352801515116794,
          -0.5595661056529132,
          0.8280344704864315
        ],
        [
          -0.9951582354995506,
          -0.09572527593242075,
          -0.022288065530284507
        ],
        [
          0.09173547420018818,
          -0.8232389962532716,
          -0.5602340205853014
        ]
      ],
      "tx": -0.08579848954842541,
      "ty": -0.09476627107560122,
      "tz": 0.0
    }
  ],
  "points_N": 8404
}