{
  "type": "scene",
  "distance_m": 0.6,
  "num_objects": 7,
  "intrinsics": {
    "width": 640,
    "height": 480,
    "fx": 554.2562584220408,
    "fy": 554.2562584220408,
    "cx": 0.09528837707620416,
    "cy": 0.08935906568994231
  },
  "T_wc": [
    [
      0.999999999999,
      0.0,
      0.0,
      0.0
    ],
    [
      -0.0,
      0.9999999999973334,
      0.0,
      0.0
    ],
    [
      0.0,
      0.0,
      -0.9999999999983333,
      0.6150141660124063
    ],
    [
      0.0,
      0.0,
      0.0,
      1.0
    ]
  ],
  "bin_size": {
    "w": 0.25,
    "d": 0.25
  },
  "z_floor": 0.0,
  "piece_aabb": {
    "w": 0.0300283320248127,
    "d": 0.0300283320248127,
    "h": 0.0300283320248127
  },
  "poses": [
    {
      "R": [
        [
          -0.06358098128716616,
          -0.8811081434464905,
          0.46862127392046543
        ],
        [
          -0.5834615604247264,
          -0.34813917654675475,
          -0.7337381830463034
        ],
        [
          0.8096481126546917,
          -0.3200742934158041,
          -0.4919577018088743
        ]
      ],
      "tx": 0.0263486284971354,
      "ty": -0.005963282808767539,
      "tz": 0.0
    },
    {
      "R": [
        [
          0.13940284065748743,
          -0.054906644900487744,
          -0.9887123486446374
        ],
        [
          0.942473261940699,
          0.31370791305566226,
          0.11546209686784464
        ],
        [
          0.3038272511534832,
          -0.9479306966398087,
          0.09547981893827373
        ]
      ],
      "tx": 0.09641911392083088,
      "ty": -0.051937095800184824,
      "tz": 0.0
    },
    {
      "R": [
        [
          -0.01075532697662096,
          0.10521142356940286,
          0.9943917132056792
        ],
        [
          0.5786117667600538,
          -0.8103974445558504,
          0.09200220227884068
        ],
        [
          0.8155321859426734,
          0.5763562597975728,
          -0.052160478177616376
        ]
      ],
      "tx": -0.00684248605901186,
      "ty": -0.05962972917315616,
      "tz": 0.0
    },
    {
      "R": [
        [
          0.08477653539221408,
          0.3144465623522243,
          -0.9454820455575883
        ],
        [
          -0.9227402857384677,
          0.38283486850706816,
          0.044585070712817476
        ],
        [
          0.3759831168047096,
          0.8686546050531504,
          0.32260792457373333
        ]
      ],
      "tx": -0.0535732556524291,
      "ty": 0.03927612745771386,
      "tz": 0.0
    },
    {
      "R": [
        [
          0.22297402163282376,
          0.9647475145928179,
          0.1398027852507443
        ],
        [
          0.549725837690038,
          -0.24287501279354506,
          0.7992579255387596
        ],
        [
          0.8050367004384775,
          -0.10136055074591932,
          -0.5845014539756193
        ]
      ],
      "tx": -0.07926047624011018,
      "ty": -0.05326643884247931,
      "tz": 0.0
    },
    {
      "R": [
        [
          0.6904694437254508,
          -0.582692342872956,
          -0.4286275549223263
        ],
        [
          0.08087805704310008,
          0.6510216806614582,
          -0.7547380414406468
        ],
        [
          0.718825908805741,
          0.48645699179470725,
          0.49663760224498166
        ]
      ],
      "tx": 0.007552802313711554,
      "ty": 0.059076746574685896,
      "tz": 0.0
    },
    {
      "R": [
        [
          -0.2010994090917846,
          0.9535625161403443,
          0.22422657174168825
        ],
        [
          -0.4661805116422053,
          -0.29448235252754196,
          0.834239698536851
        ],
        [
          0.8615304743466401,
          0.06323505247835148,
          0.5037524887383819
        ]
      ],
      "tx": 0.09528837707620416,
      "ty": 0.08935906568994231,
      "tz": 0.0
    }
  ],
  "points_N": 8092
}