{
  "type": "scene",
  "distance_m": 0.6,
  "num_objects": 3,
  "intrinsics": {
    "width": 640,
    "height": 480,
    "fx": 554.2562584220408,
    "fy": 554.2562584220408,
    "cx": 0.0624563184920732,
    "cy": 0.021865864629286164
  },
  "T_wc": [
    [
      0.999999999999,
      0.0,
      0.0,
      0.0
    ],
    [
      -0.0,
      0.9999999999973334,
      0.0,
      0.0
    ],
    [
      0.0,
      0.0,
      -0.9999999999983333,
      0.6150141660124063
    ],
    [
      0.0,
      0.0,
      0.0,
      1.0
    ]
  ],
  "bin_size": {
    "w": 0.25,
    "d": 0.25
  },
  "z_floor": 0.0,
  "piece_aabb": {
    "w": 0.0300283320248127,
    "d": 0.0300283320248127,
    "h": 0.0300283320248127
  },
  "poses": [
    {
      "R": [
        [
          -0.6204301908584033,
          -0.7740927372392485,
          0.12588412300545443
        ],
        [
          -0.1776424844525632,
          0.2950519784259572,
          0.9388223888172081
        ],
        [
          -0.7638779522861787,
          0.5601113855121819,
          -0.3205709123278311
        ]
      ],
      "tx": 0.015445506008866766,
      "ty": -0.04639826796567122,
      "tz": 0.0
    },
    {
      "R": [
        [
          -0.8363093251378559,
          -0.4975147854121106,
          -0.2303600464138812
        ],
        [
          -0.5480967341651818,
          0.7688697443196263,
          0.32928602501068044
        ],
        [
          0.013292203915302503,
          0.40164456247559727,
          -0.9156991660741316
        ]
      ],
      "tx": -0.06976850322214648,
      "ty": 0.06188547750648382,
      "tz": 0.0
    },
    {
      "R": [
        [
          0.5842690686592559,
          -0.5061952541527918,
          -0.6343469240732835
        ],
        [
          0.11918471255945914,
          0.8266832914237605,
          -0.5498997544761199
        ],
        [
          0.8027606490730377,
          0.2456849615950647,
          0.5433362126214916
        ]
      ],
      "tx": 0.0624563184920732,
      "ty": 0.021865864629286164,
      "tz": 0.0
    }
  ],
  "points_N": 3462
}