{
  "type": "scene",
  "distance_m": 0.6,
  "num_objects": 9,
  "intrinsics": {
    "width": 640,
    "height": 480,
    "fx": 554.2562584220408,
    "fy": 554.2562584220408,
    "cx": -0.03817985486586735,
    "cy": 0.09637886500424042
  },
  "T_wc": [
    [
      0.999999999999,
      0.0,
      0.0,
      0.0
    ],
    [
      -0.0,
      0.9999999999973334,
      0.0,
      0.0
    ],
    [
      0.0,
      0.0,
      -0.9999999999983333,
      0.6150141660124063
    ],
    [
      0.0,
      0.0,
      0.0,
      1.0
    ]
  ],
  "bin_size": {
    "w": 0.25,
    "d": 0.25
  },
  "z_floor": 0.0,
  "piece_aabb": {
    "w": 0.0300283320248127,
    "d": 0.0300283320248127,
    "h": 0.0300283320248127
  },
  "poses": [
    {
      "R": [
        [
          -0.004019799383774725,
          -0.9881724969118663,
          0.15329369706508406
        ],
        [
          0.000263846799135381,
          0.1532938821805363,
          0.9881806090340401
        ],
        [
          -0.99999188576597,
          0.00401273385455142,
          -0.0003554845028217457
        ]
      ],
      "tx": -0.07730651031600867,
      "ty": -0.0209449827857712,
      "tz": 0.0
    },
    {
      "R": [
        [
          -0.9438132971668916,
          0.1324555754251795,
          -0.3027738110037675
        ],
        [
          0.020673674090721038,
          0.9380356737245634,
          0.34592148533980227
        ],
        [
          0.32983186518368895,
          0.32022585054752994,
          -0.888068885475986
        ]
      ],
      "tx": -0.007964900571886743,
      "ty": 0.027835695030244023,
      "tz": 0.0
    },
    {
      "R": [
        [
          -0.3187083936695383,
          -0.481015154664695,
          -0.8167309108803721
        ],
        [
          -0.7752880051368642,
          0.6280088381638411,
          -0.06733058947465181
        ],
        [
          0.5453012643442928,
          0.6117428546137682,
          -0.5730769677220624
        ]
      ],
      "tx": -0.09430317798651347,
      "ty": 0.05032403163333368,
      "tz": 0.0
    },
    {
      "R": [
        [
          0.43294822597647176,
          -0.26774138977036516,
          0.8607382771944441
        ],
        [
          -0.8502587444645415,
          0.1958135602184996,
          0.48858685726914297
        ],
        [
          -0.2993591506625573,
          -0.9433830599700155,
          -0.14287232438860564
        ]
      ],
      "tx": 0.0674662749242953,
      "ty": 0.012320009778315058,
      "tz": 0.0
    },
    {
      "R": [
        [
          -0.3754074706940831,
          0.7876675572876777,
          0.48851719534069016
        ],
        [
          0.16972012120466634,
          -0.45973663232611095,
          0.8716864742301096
        ],
        [
          0.9111884060968645,
          0.41014881213275406,
          0.038905533035112905
        ]
      ],
      "tx": 0.0873314746449925,
      "ty": -0.0910961425197801,
      "tz": 0.0
    },
    {
      "R": [
        [
          0.7745457595655966,
          -0.5967920053480915,
          -0.2095666211293116
        ],
        [
          -0.22500275973199796,
          0.049686231242846546,
          -0.973090456503334
        ],
        [
          0.5911451805199276,
          0.8008561548602131,
          -0.09579558847137148
        ]
      ],
      "tx": -0.022464627439363935,
      "ty": -0.08745466937827112,
      "tz": 0.0
    },
    {
      "R": [
        [
          -0.04485999338743896,
          0.4720557558655929,
          0.8804265695374277
        ],
        [
          0.7391731445271827,
          -0.5771725815396951,
          0.34712371501901357
        ],
        [
          0.6720198236682277,
          0.6663596434906367,
          -0.3230389792640449
        ]
      ],
      "tx": 0.031216325493067465,
      "ty": 0.08746831613874753,
      "tz": 0.0
    },
    {
      "R": [
        [
          -0.6330660381476778,
          -0.1830534101343892,
          0.7521428324342219
        ],
        [
          0.7601784452893707,
          0.036418484127439976,
          0.6486928590105604
        ],
        [
          -0.14613734177628301,
          0.9824281872238961,
          0.11609795125897493
        ]
      ],
      "tx": -0.08466328802067741,
      "ty": -0.0798891282184984,
      "tz": 0.0
    },
    {
      "R": [
        [
          0.4923918057943779,
          -0.5189703525107261,
          -0.6987274739134308
        ],
        [
          -0.05078457141044637,
          -0.8185531654864104,
          0.5721814769623659
        ],
        [
          -0.868890808383429,
          -0.24625289538819617,
          -0.4294045582195434
        ]
      ],
      "tx": -0.03817985486586735,
      "ty": 0.09637886500424042,
      "tz": 0.0
    }
  ],
  "points_N": 10296
}