{
  "type": "scene",
  "distance_m": 0.6,
  "num_objects": 11,
  "intrinsics": {
    "width": 640,
    "height": 480,
    "fx": 554.2562584220408,
    "fy": 554.2562584220408,
    "cx": -0.0561614068380374,
    "cy": 0.09773307003069173
  },
  "T_wc": [
    [
      0.999999999999,
      0.0,
      0.0,
      0.0
    ],
    [
      -0.0,
      0.9999999999973334,
      0.0,
      0.0
    ],
    [
      0.0,
      0.0,
      -0.9999999999983333,
      0.6150141660124063
    ],
    [
      0.0,
      0.0,
      0.0,
      1.0
    ]
  ],
  "bin_size": {
    "w": 0.25,
    "d": 0.25
  },
  "z_floor": 0.0,
  "piece_aabb": {
    "w": 0.0300283320248127,
    "d": 0.0300283320248127,
    "h": 0.0300283320248127
  },
  "poses": [
    {
      "R": [
        [
          -0.8540359128119235,
          0.2771258557109263,
          -0.44025438069824085
        ],
        [
          0.5171214827295476,
          0.3601108933199586,
          -0.7764699070871296
        ],
        [
          -0.0566394891140356,
          -0.8907981839949991,
          -0.45085536889795685
        ]
      ],
      "tx": -0.07869227214749772,
      "ty": -0.06867380519417188,
      "tz": 0.0
    },
    {
      "R": [
        [
          -0.1215993976000509,
          -0.29725968337214576,
          0.94702178810458
        ],
        [
          -0.4954244837905482,
          -0.8085794040046514,
          -0.3174175928967248
        ],
        [
          0.86009776616625,
          -0.5077755685940135,
          -0.04894695674761307
        ]
      ],
      "tx": 0.07640072454847724,
      "ty": -0.08586466548367651,
      "tz": 0.0
    },
    {
      "R": [
        [
          -0.8484637832494932,
          0.46697503899116044,
          -0.24908536984969798
        ],
        [
          -0.4072555482188005,
          -0.8766335997261059,
          -0.25623514645000045
        ],
        [
          -0.3380120219148439,
          -0.11596484290703393,
          0.933970036056075
        ]
      ],
      "tx": 0.014431000384023132,
      "ty": 0.005910756932922201,
      "tz": 0.0
    },
    {
      "R": [
        [
          -0.8044192231073879,
          -0.5842463116468641,
          -0.10754515713105112
        ],
        [
          0.5920843589675981,
          -0.7737343889564454,
          -0.22532467066907025
        ],
        [
          0.04843372132342991,
          -0.24493130194654944,
          0.9683299189664298
        ]
      ],
      "tx": -0.08101888577828385,
      "ty": 0.04083293868401741,
      "tz": 0.0
    },
    {
      "R": [
        [
          -0.5656250168723651,
          0.6014565866644853,
          -0.5641970530284992
        ],
        [
          0.12638139728698303,
          0.7392945018053694,
          0.6614161942530138
        ],
        [
          0.8149209057987938,
          0.3028095341270767,
          -0.49417638888742577
        ]
      ],
      "tx": -0.02849650184606202,
      "ty": -0.0963808131394438,
      "tz": 0.0
    },
    {
      "R": [
        [
          0.3564608331738527,
          -0.8257903678112345,
          -0.43704226665528456
        ],
        [
          0.8448760465551987,
          0.4846117806658995,
          -0.22657424389608782
        ],
        [
          0.39889865927358104,
          -0.2884816986743046,
          0.87043562034175
        ]
      ],
      "tx": 0.09166776346684752,
      "ty": 0.09706500511830948,
      "tz": 0.0
    },
    {
      "R": [
        [
          0.2571658967646979,
          -0.9348131306674474,
          0.24492879020836805
        ],
        [
          -0.06218834461656281,
          0.2369188103056723,
          0.9695370478311784
        ],
        [
          -0.9643642005669126,
          -0.2645635803640988,
          0.0027929571906483153
        ]
      ],
      "tx": 0.0057088299261469355,
      "ty": 0.09455011520599269,
      "tz": 0.0
    },
    {
      "R": [
        [
          -0.15516215042691583,
          -0.33450636448791454,
          0.9295322475266652
        ],
        [
          0.8247230375949073,
          -0.5618442031006807,
          -0.06452133524959142
        ],
        [
          0.5438351021542507,
          0.75659538959687,
          0.3630520597733007
        ]
      ],
      "tx": -0.029031095865178505,
      "ty": -0.035383873898777826,
      "tz": 0.0
    },
    {
      "R": [
        [
          0.8492736691155998,
          -0.5201268567788323,
          0.09056648278639808
        ],
        [
          0.4284780784140702,
          0.7792612179241449,
          0.45733848576078107
        ],
        [
          -0.30844897676198046,
          -0.34959978131679414,
          0.8846689898700739
        ]
      ],
      "tx": 0.09344903412118416,
      "ty": -0.029433088038828187,
      "tz": 0.0
    },
    {
      "R": [
        [
          -0.49325991170977446,
          -0.1839542939358092,
          0.8502090785463563
        ],
        [
          -0.8301806146764812,
          -0.19235495925900636,
          -0.5232587473361974
        ],
        [
          0.25979762607738754,
          -0.9639296589435582,
          -0.05783429859097389
        ]
      ],
      "tx": 0.09448468297357895,
      "ty": 0.03808793844869485,
      "tz": 0.0
    },
    {
      "R": [
        [
          0.23451676662766974,
          -0.20583038112722352,
          0.9500714396167926
        ],
        [
          -0.8841802490107502,
          0.3610172917045996,
          0.29646551629078816
        ],
        [
          -0.40401382826555654,
          -0.9095605363554962,
          -0.09732654969180521
        ]
      ],
      "tx": -0.0561614068380374,
      "ty": 0.09773307003069173,
      "tz": 0.0
    }
  ],
  "points_N": 12558
}