{
  "type": "scene",
  "distance_m": 0.6,
  "num_objects": 8,
  "intrinsics": {
    "width": 640,
    "height": 480,
    "fx": 554.2562584220408,
    "fy": 554.2562584220408,
    "cx": -0.016940558424396665,
    "cy": 0.03906844640547574
  },
  "T_wc": [
    [
      0.999999999999,
      0.0,
      0.0,
      0.0
    ],
    [
      -0.0,
      0.9999999999973334,
      0.0,
      0.0
    ],
    [
      0.0,
      0.0,
      -0.9999999999983333,
      0.6150141660124063
    ],
    [
      0.0,
      0.0,
      0.0,
      1.0
    ]
  ],
  "bin_size": {
    "w": 0.25,
    "d": 0.25
  },
  "z_floor": 0.0,
  "piece_aabb": {
    "w": 0.0300283320248127,
    "d": 0.0300283320248127,
    "h": 0.0300283320248127
  },
  "poses": [
    {
      "R": [
        [
          0.0624556850695388,
          -0.8338516611248741,
          -0.5484438846789914
        ],
        [
          -0.29709764272352174,
          0.5090718718892501,
          -0.8078235079145082
        ],
        [
          0.9528023289699816,
          0.21339455590633793,
          -0.21594093039281725
        ]
      ],
      "tx": -0.010103674977924054,
      "ty": -0.02586435406137752,
      "tz": 0.0
    },
    {
      "R": [
        [
          0.5213142761864882,
          0.7810849927805505,
          -0.343711593486698
        ],
        [
          0.277619804457716,
          0.2256312960253123,
          0.9338189130804739
        ],
        [
          0.8069440312791324,
          -0.5822342761354276,
          -0.09921984718813803
        ]
      ],
      "tx": 0.0569927570087953,
      "ty": 0.08380148636373902,
      "tz": 0.0
    },
    {
      "R": [
        [
          -0.5861113972337979,
          0.7819413475750882,
          -0.21222902484132727
        ],
        [
          -0.5839315635172072,
          -0.2260736709787654,
          0.7796887997262337
        ],
        [
          0.5616915160130118,
          0.580911718114414,
          0.589104588843411
        ]
      ],
      "tx": 0.041554137445830225,
      "ty": -0.0915920311789931,
      "tz": 0.0
    },
    {
      "R": [
        [
          -0.016559236898435525,
          -0.6594332238877607,
          -0.7515807441029445
        ],
        [
          -0.10807079383113821,
          -0.746099712347843,
          0.6570052684379122
        ],
        [
          -0.9940052792586411,
          0.09210343352698641,
          -0.05891063009755437
        ]
      ],
      "tx": -0.09710050484941275,
      "ty": 0.06754526167510463,
      "tz": 0.0
    },
    {
      "R": [
        [
          0.9878363737020622,
          0.15077806187970996,
          -0.038016770601381256
        ],
        [
          -0.07006854136682117,
          0.6498783785954796,
          0.7568014882020493
        ],
        [
          0.13881533885664712,
          -0.7449322580543205,
          0.6525382997251621
        ]
      ],
      "tx": -0.09360917910856295,
      "ty": -0.044104864014116965,
      "tz": 0.0
    },
    {
      "R": [
        [
          -0.26652708931379543,
          -0.6709339211559603,
          0.691961692656612
        ],
        [
          -0.7839707703810431,
          -0.2667191504341808,
          -0.5605807042521376
        ],
        [
          0.5606720448266257,
          -0.6918876846959745,
          -0.4549047042139416
        ]
      ],
      "tx": -0.039649744488133715,
      "ty": -0.08750299191184838,
      "tz": 0.0
    },
    {
      "R": [
        [
          0.7193084366911311,
          -0.22332974376664202,
          -0.6578139542865346
        ],
        [
          0.47613172766570133,
          -0.5310334790171203,
          0.7009293987792549
        ],
        [
          -0.5058596157186649,
          -0.8173905246038147,
          -0.2756424848837076
        ]
      ],
      "tx": 0.09347151809331933,
      "ty": -0.014873269696715125,
      "tz": 0.0
    },
    {
      "R": [
        [
          -0.8739874338334264,
          0.4832645944245241,
          0.051002914396751475
        ],
        [
          -0.3167565772656339,
          -0.48695176768255566,
          -0.8139675956140975
        ],
        [
          -0.3685257606466916,
          -0.7275529587092162,
          0.5786669646811047
        ]
      ],
      "tx": -0.016940558424396665,
      "ty": 0.03906844640547574,
      "tz": 0.0
    }
  ],
  "points_N": 9725
}