{
  "type": "scene",
  "distance_m": 0.6,
  "num_objects": 11,
  "intrinsics": {
    "width": 640,
    "height": 480,
    "fx": 554.2562584220408,
    "fy": 554.2562584220408,
    "cx": 0.07724761235770944,
    "cy": 0.0926574976494414
  },
  "T_wc": [
    [
      0.999999999999,
      0.0,
      0.0,
      0.0
    ],
    [
      -0.0,
      0.9999999999973334,
      0.0,
      0.0
    ],
    [
      0.0,
      0.0,
      -0.9999999999983333,
      0.6150141660124063
    ],
    [
      0.0,
      0.0,
      0.0,
      1.0
    ]
  ],
  "bin_size": {
    "w": 0.25,
    "d": 0.25
  },
  "z_floor": 0.0,
  "piece_aabb": {
    "w": 0.0300283320248127,
    "d": 0.0300283320248127,
    "h": 0.0300283320248127
  },
  "poses": [
    {
      "R": [
        [
          -0.3604430711460529,
          0.17190996388684715,
          0.9168030087097361
        ],
        [
          -0.5521606557285361,
          0.7528452760977783,
          -0.35824935522997536
        ],
        [
          -0.7517974479394265,
          -0.6353510482982482,
          -0.17643594502845095
        ]
      ],
      "tx": -0.08419896889058313,
      "ty": -0.055386156241582156,
      "tz": 0.0
    },
    {
      "R": [
        [
          0.9928662050021009,
          -0.02124146751449757,
          0.11732646343667205
        ],
        [
          0.09974315309226026,
          0.6871151074933807,
          -0.7196694605619818
        ],
        [
          -0.06532995006840378,
          0.7262379975684214,
          0.6843320601227663
        ]
      ],
      "tx": 0.02483412743635678,
      "ty": -0.09000679597405044,
      "tz": 0.0
    },
    {
      "R": [
        [
          0.4112640891039949,
          0.8357302943428921,
          -0.36389108828192535
        ],
        [
          -0.4434816678205431,
          -0.16532265308889693,
          -0.8809043254989486
        ],
        [
          -0.7963578713873372,
          0.5236633417503949,
          0.30263979445247835
        ]
      ],
      "tx": -0.08281532126974772,
      "ty": 0.07898307738627605,
      "tz": 0.0
    },
    {
      "R": [
        [
          0.11873140903252166,
          -0.7198530106371284,
          0.6838965532782092
        ],
        [
          0.9514636658808648,
          0.2794431169265822,
          0.12895129666235405
        ],
        [
          -0.2839361636313663,
          0.6353921525160812,
          0.7180926594133121
        ]
      ],
      "tx": 0.04613125429665538,
      "ty": -0.006030590202786304,
      "tz": 0.0
    },
    {
      "R": [
        [
          -0.5705469039030051,
          0.6474127086132836,
          -0.505304873489962
        ],
        [
          0.3424649470641925,
          -0.37167731877363197,
          -0.8628868585982543
        ],
        [
          -0.7464542788939016,
          -0.6653666323428427,
          -0.009656815506667638
        ]
      ],
      "tx": -0.04059996275613805,
      "ty": 0.02067617044095918,
      "tz": 0.0
    },
    {
      "R": [
        [
          -0.5271353892237545,
          0.8421735241120274,
          -0.11345499862345843
        ],
        [
          -0.3157642102392897,
          -0.3180723189918433,
          -0.893936778202524
        ],
        [
          -0.7889367813455513,
          -0.4354006834811806,
          0.4335954333987414
        ]
      ],
      "tx": 0.01812066078282429,
      "ty": 0.08519406999569606,
      "tz": 0.0
    },
    {
      "R": [
        [
          0.9517035150990187,
          -0.012714241330338183,
          -0.30675522394177035
        ],
        [
          0.009033090159203708,
          -0.9975500329058207,
          0.06937099632967089
        ],
        [
          -0.3068856833258069,
          -0.06879156864754166,
          -0.9492570239153686
        ]
      ],
      "tx": -0.03745537809379652,
      "ty": -0.08912006963239337,
      "tz": 0.0
    },
    {
      "R": [
        [
          0.3834994557707495,
          -0.827110677205131,
          0.4108723586185965
        ],
        [
          0.5482426746829373,
          0.5619046226869149,
          0.6194297092161264
        ],
        [
          -0.7432080039127928,
          -0.01229319553027175,
          0.6689474869252567
        ]
      ],
      "tx": 0.09788665154981357,
      "ty": -0.051026037663375996,
      "tz": 0.0
    },
    {
      "R": [
        [
          -0.02006498508455934,
          0.7463589142734528,
          -0.6652411348211333
        ],
        [
          -0.9978689799981635,
          -0.05626978114654069,
          -0.03303347525080175
        ],
        [
          -0.062087801788928865,
          0.6631606764685865,
          0.7458974608180038
        ]
      ],
      "tx": 0.09092391061743241,
      "ty": 0.036958959974946415,
      "tz": 0.0
    },
    {
      "R": [
        [
          0.8912208023972653,
          -0.09016898019221561,
          -0.4445166322934053
        ],
        [
          -0.40152602750841415,
          -0.6126618910605941,
          -0.6807512441967102
        ],
        [
          -0.21095575509496511,
          0.7851846676121182,
          -0.5822222145703138
        ]
      ],
      "tx": -0.01604384984708057,
      "ty": -0.0344300423669571,
      "tz": 0.0
    },
    {
      "R": [
        [
          -0.444628869714506,
          -0.8698969919150705,
          -0.21350501556992385
        ],
        [
          -0.6368001953897107,
          0.13936440632238167,
          0.758329132634397
        ],
        [
          -0.6299132316184729,
          0.47313506074642403,
          -0.6159160128819923
        ]
      ],
      "tx": 0.07724761235770944,
      "ty": 0.0926574976494414,
      "tz": 0.0
    }
  ],
  "points_N": 13198
}