{
  "type": "scene",
  "distance_m": 0.6,
  "num_objects": 12,
  "intrinsics": {
    "width": 640,
    "height": 480,
    "fx": 554.2562584220408,
    "fy": 554.2562584220408,
    "cx": -0.011003443091222295,
    "cy": 0.09495032451935012
  },
  "T_wc": [
    [
      0.999999999999,
      0.0,
      0.0,
      0.0
    ],
    [
      -0.0,
      0.9999999999973334,
      0.0,
      0.0
    ],
    [
      0.0,
      0.0,
      -0.9999999999983333,
      0.6150141660124063
    ],
    [
      0.0,
      0.0,
      0.0,
      1.0
    ]
  ],
  "bin_size": {
    "w": 0.25,
    "d": 0.25
  },
  "z_floor": 0.0,
  "piece_aabb": {
    "w": 0.0300283320248127,
    "d": 0.0300283320248127,
    "h": 0.0300283320248127
  },
  "poses": [
    {
      "R": [
        [
          -0.7130604719363296,
          -0.6636571375683763,
          0.22606186568390568
        ],
        [
          0.17262768484419752,
          0.14631600313517723,
          0.9740591920678534
        ],
        [
          -0.6795178038780672,
          0.733587643694396,
          0.010233436941348928
        ]
      ],
      "tx": -0.0806946275140055,
      "ty": 0.09459635858726828,
      "tz": 0.0
    },
    {
      "R": [
        [
          -0.4934120456836213,
          -0.2784882133307249,
          0.8240078083429581
        ],
        [
          0.8342691726641216,
          -0.41951493011181085,
          0.3577739103897945
        ],
        [
          0.24604776104778164,
          0.8639742695527126,
          0.439327851193423
        ]
      ],
      "tx": -0.08711284442506617,
      "ty": 0.035561594507647204,
      "tz": 0.0
    },
    {
      "R": [
        [
          0.21286471063996948,
          -0.7250428863815271,
          -0.6549820057617658
        ],
        [
          -0.2082364101362415,
          -0.6886083201356588,
          0.6945906556623955
        ],
        [
          -0.9546340725417949,
          -0.01146273734713732,
          -0.2975607386648602
        ]
      ],
      "tx": 0.09109624788854365,
      "ty": 0.09319842138374856,
      "tz": 0.0
    },
    {
      "R": [
        [
          -0.571154108173278,
          -0.8152706587853109,
          0.09548160891267449
        ],
        [
          -0.5130416000252005,
          0.2637566015867491,
          -0.8168358291376494
        ],
        [
          0.640758379859655,
          -0.5155251769246332,
          -0.5689134297909095
        ]
      ],
      "tx": 0.03568762892159641,
      "ty": 0.04236643223187345,
      "tz": 0.0
    },
    {
      "R": [
        [
          -0.9168883211779826,
          -0.3581183711163355,
          -0.17625844307834918
        ],
        [
          -0.3706868647630315,
          0.9277471660423295,
          0.04331794307882503
        ],
        [
          0.14801031984147275,
          0.10505440575915378,
          -0.9833903177533407
        ]
      ],
      "tx": -0.02870334262830279,
      "ty": 0.039658354864138434,
      "tz": 0.0
    },
    {
      "R": [
        [
          0.44738647505945794,
          -0.8328750058645684,
          -0.325829044960648
        ],
        [
          0.8930427758495456,
          0.43565514947841566,
          0.11260191488548232
        ],
        [
          0.04816578076613284,
          -0.3413558485496246,
          0.9386992288396505
        ]
      ],
      "tx": 0.00539336597257517,
      "ty": -0.029641177307868208,
      "tz": 0.0
    },
    {
      "R": [
        [
          0.5166157023438783,
          -0.3029902846918195,
          0.8008152742512543
        ],
        [
          -0.4681812388841062,
          -0.8830501386057272,
          -0.032074604679557306
        ],
        [
          0.71687833252839,
          -0.3583564427923357,
          -0.598051934417521
        ]
      ],
      "tx": 0.0627520262983903,
      "ty": -0.06630488739209456,
      "tz": 0.0
    },
    {
      "R": [
        [
          -0.4849646686221767,
          -0.8650474856535195,
          -0.1284605688633937
        ],
        [
          -0.7206844370717185,
          0.3121040592769133,
          0.6190355388388403
        ],
        [
          -0.4954020714034237,
          0.3927898977155563,
          -0.7747857019213766
        ]
      ],
      "tx": 0.008370845234163121,
      "ty": -0.09408547156612404,
      "tz": 0.0
    },
    {
      "R": [
        [
          -0.3238400290859562,
          0.5408398745470405,
          0.7762859432332575
        ],
        [
          -0.6798229520247242,
          0.43762556873694414,
          -0.5884935135479877
        ],
        [
          -0.6580033354489901,
          -0.7183147580884076,
          0.22595468317872047
        ]
      ],
      "tx": -0.052592119180344274,
      "ty": -0.022665730693116254,
      "tz": 0.0
    },
    {
      "R": [
        [
          0.24838052345243333,
          -0.9680933109409824,
          0.0332032661167799
        ],
        [
          0.8883232387919642,
          0.21397841890202318,
          -0.40631891374429685
        ],
        [
          0.3862498401186081,
          0.13041693737976198,
          0.913127857122338
        ]
      ],
      "tx": 0.09437683504006728,
      "ty": -0.0026005160825574303,
      "tz": 0.0
    },
    {
      "R": [
        [
          -0.9728695680136235,
          0.1024065009643846,
          -0.20745532577694334
        ],
        [
          -0.09231116771860935,
          0.6504052936911666,
          0.7539572947143188
        ],
        [
          0.21214017051801617,
          0.7526525509813534,
          -0.6233062534211
        ]
      ],
      "tx": -0.09743237726577621,
      "ty": -0.09083960077419087,
      "tz": 0.0
    },
    {
      "R": [
        [
          0.26883549431429343,
          0.8900603177776562,
          -0.3681305579741071
        ],
        [
          0.6503003729686773,
          -0.4496659019120943,
          -0.6122989478795324
        ],
        [
          -0.7105187554974105,
          -0.07478774883041311,
          -0.6996927116322498
        ]
      ],
      "tx": -0.011003443091222295,
      "ty": 0.09495032451935012,
      "tz": 0.0
    }
  ],
  "points_N": 13964
}