{
  "type": "scene",
  "distance_m": 0.6,
  "num_objects": 3,
  "intrinsics": {
    "width": 640,
    "height": 480,
    "fx": 554.2562584220408,
    "fy": 554.2562584220408,
    "cx": 0.06920932595481327,
    "cy": 0.05534817099029404
  },
  "T_wc": [
    [
      0.999999999999,
      0.0,
      0.0,
      0.0
    ],
    [
      -0.0,
      0.9999999999973334,
      0.0,
      0.0
    ],
    [
      0.0,
      0.0,
      -0.9999999999983333,
      0.6150141660124063
    ],
    [
      0.0,
      0.0,
      0.0,
      1.0
    ]
  ],
  "bin_size": {
    "w": 0.25,
    "d": 0.25
  },
  "z_floor": 0.0,
  "piece_aabb": {
    "w": 0.0300283320248127,
    "d": 0.0300283320248127,
    "h": 0.0300283320248127
  },
  "poses": [
    {
      "R": [
        [
          -0.49029793177720515,
          0.8428160267875853,
          0.2219664008019753
        ],
        [
          0.7729097463507386,
          0.3027749573491164,
          0.5576180136960045
        ],
        [
          0.4027635312326969,
          0.44495895337910546,
          -0.7998706568669331
        ]
      ],
      "tx": 0.05749665321323541,
      "ty": -0.010786838767575857,
      "tz": 0.0
    },
    {
      "R": [
        [
          0.6033246328265591,
          0.7345240189187128,
          0.3106024034939204
        ],
        [
          0.7632384094800773,
          -0.4188902653483526,
          -0.49193299939189755
        ],
        [
          -0.23122828053466898,
          0.5338589806567735,
          -0.8133437594603472
        ]
      ],
      "tx": -0.059618145112832324,
      "ty": -0.03428032931289625,
      "tz": 0.0
    },
    {
      "R": [
        [
          -0.38196446893486935,
          -0.9005061919438382,
          0.20782623208370543
        ],
        [
          0.09663100038848887,
          -0.2625593552974157,
          -0.9600651200359926
        ],
        [
          0.9191113067715047,
          -0.3466283070042208,
          0.18730515889362076
        ]
      ],
      "tx": 0.06920932595481327,
      "ty": 0.05534817099029404,
      "tz": 0.0
    }
  ],
  "points_N": 3490
}