{
  "type": "scene",
  "distance_m": 0.6,
  "num_objects": 3,
  "intrinsics": {
    "width": 640,
    "height": 480,
    "fx": 554.2562584220408,
    "fy": 554.2562584220408,
    "cx": -0.05246806252959767,
    "cy": 0.005524883144860854
  },
  "T_wc": [
    [
      0.999999999999,
      0.0,
      0.0,
      0.0
    ],
    [
      -0.0,
      0.9999999999973334,
      0.0,
      0.0
    ],
    [
      0.0,
      0.0,
      -0.9999999999983333,
      0.6150141660124063
    ],
    [
      0.0,
      0.0,
      0.0,
      1.0
    ]
  ],
  "bin_size": {
    "w": 0.25,
    "d": 0.25
  },
  "z_floor": 0.0,
  "piece_aabb": {
    "w": 0.0300283320248127,
    "d": 0.0300283320248127,
    "h": 0.0300283320248127
  },
  "poses": [
    {
      "R": [
        [
          0.7654199028451196,
          0.33077294713088784,
          0.552015968768037
        ],
        [
          -0.5666879745547307,
          -0.06004229548988027,
          0.8217418464745256
        ],
        [
          0.3049542782510593,
          -0.941798375555327,
          0.14148748346663986
        ]
      ],
      "tx": 0.054627604064132196,
      "ty": -0.03135423546679811,
      "tz": 0.0
    },
    {
      "R": [
        [
          0.5923580010006709,
          -0.5334824462781698,
          0.6037453752730108
        ],
        [
          -0.7601941670282506,
          -0.12187809929005566,
          0.6381618582535838
        ],
        [
          -0.2668648104691085,
          -0.8369839953227914,
          -0.47774571113384545
        ]
      ],
      "tx": -0.021317561238140215,
      "ty": 0.05945106964053318,
      "tz": 0.0
    },
    {
      "R": [
        [
          0.37234680066808945,
          -0.9071862094312283,
          0.19588527624616778
        ],
        [
          0.769469911205689,
          0.41976239133374016,
          0.48136845614444757
        ],
        [
          -0.5189160970536055,
          -0.028508178468281936,
          0.8543496754719777
        ]
      ],
      "tx": -0.05246806252959767,
      "ty": 0.005524883144860854,
      "tz": 0.0
    }
  ],
  "points_N": 3301
}