{
  "type": "scene",
  "distance_m": 0.6,
  "num_objects": 10,
  "intrinsics": {
    "width": 640,
    "height": 480,
    "fx": 554.2562584220408,
    "fy": 554.2562584220408,
    "cx": -0.08783319227193617,
    "cy": -0.019533705339375734
  },
  "T_wc": [
    [
      0.999999999999,
      0.0,
      0.0,
      0.0
    ],
    [
      -0.0,
      0.9999999999973334,
      0.0,
      0.0
    ],
    [
      0.0,
      0.0,
      -0.9999999999983333,
      0.6150141660124063
    ],
    [
      0.0,
      0.0,
      0.0,
      1.0
    ]
  ],
  "bin_size": {
    "w": 0.25,
    "d": 0.25
  },
  "z_floor": 0.0,
  "piece_aabb": {
    "w": 0.0300283320248127,
    "d": 0.0300283320248127,
    "h": 0.0300283320248127
  },
  "poses": [
    {
      "R": [
        [
          0.8622512427353026,
          -0.4537502031680521,
          -0.22501899370137096
        ],
        [
          0.5062912528641951,
          0.7843451649731787,
          0.3584296715624987
        ],
        [
          0.013855023443858527,
          -0.4229815779772784,
          0.9060323520808855
        ]
      ],
      "tx": 0.07485021505530812,
      "ty": -0.05641442899737261,
      "tz": 0.0
    },
    {
      "R": [
        [
          0.7051271726150545,
          0.4155642812671617,
          0.5745450361588779
        ],
        [
          -0.4516761450304616,
          0.8878472073927183,
          -0.08784074416449908
        ],
        [
          -0.5466116815897007,
          -0.19756939150551353,
          0.8137456636381055
        ]
      ],
      "tx": -0.014809258042721749,
      "ty": -0.016558412524911914,
      "tz": 0.0
    },
    {
      "R": [
        [
          0.6552494689267716,
          0.6273767991668404,
          -0.4207689215452516
        ],
        [
          0.19930027549182275,
          0.3936967416286872,
          0.8973752146230909
        ],
        [
          0.7286477431928734,
          -0.6718639947921938,
          0.13293321195926844
        ]
      ],
      "tx": 0.05298593029696433,
      "ty": -0.0027218318238100975,
      "tz": 0.0
    },
    {
      "R": [
        [
          -0.9625864001592705,
          0.26870654319092535,
          -0.03498879641828895
        ],
        [
          -0.20340910982787072,
          -0.6312130262588043,
          0.74846165534397
        ],
        [
          0.1790311600460946,
          0.7275760504081934,
          0.6622544334354914
        ]
      ],
      "tx": -0.048833252593587485,
      "ty": 0.08968454348590671,
      "tz": 0.0
    },
    {
      "R": [
        [
          -0.4907295895049164,
          -0.8704858405737458,
          -0.03793245767090547
        ],
        [
          -0.8691646077176484,
          0.4860015537413904,
          0.09140773737480119
        ],
        [
          -0.061133907738358445,
          0.07782603113080828,
          -0.9950908271123113
        ]
      ],
      "tx": -0.09514691057642796,
      "ty": -0.08868902443402657,
      "tz": 0.0
    },
    {
      "R": [
        [
          0.00903754306459792,
          -0.9095699578014405,
          -0.4154525420315077
        ],
        [
          0.6537748216374686,
          0.3197463381547019,
          -0.6858139411163608
        ],
        [
          0.7566351864724848,
          -0.26541433853834095,
          0.597543658229257
        ]
      ],
      "tx": 0.0732517413627268,
      "ty": 0.06568510197433253,
      "tz": 0.0
    },
    {
      "R": [
        [
          -0.6734881285886378,
          -0.5280316151027247,
          0.5172971622792671
        ],
        [
          -0.6873201891081897,
          0.18978727570827425,
          -0.7011217780268373
        ],
        [
          0.27203804567460177,
          -0.8277459775989489,
          -0.49074626669420907
        ]
      ],
      "tx": 0.012919437363119693,
      "ty": -0.07415481325838758,
      "tz": 0.0
    },
    {
      "R": [
        [
          0.6637160479907152,
          0.7362285272043615,
          0.1320930102998769
        ],
        [
          -0.19898321043897205,
          0.0035555115075991406,
          0.9799964491268929
        ],
        [
          0.7210316841880018,
          -0.676723661525453,
          0.14885696600628917
        ]
      ],
      "tx": 0.008330266359520277,
      "ty": 0.06535757640838877,
      "tz": 0.0
    },
    {
      "R": [
        [
          -0.6129625018694003,
          -0.6058095456401882,
          -0.5072196424757562
        ],
        [
          0.03259012428129926,
          -0.6607984131612215,
          0.749855546730796
        ],
        [
          -0.7894395829329404,
          0.4431029807785548,
          0.4247880569458432
        ]
      ],
      "tx": -0.08026278994156599,
      "ty": 0.04069108247447206,
      "tz": 0.0
    },
    {
      "R": [
        [
          -0.12175455700156856,
          -0.9126659197909284,
          0.39014964654800155
        ],
        [
          -0.9870619369128741,
          0.1526504177234308,
          0.04905693291133689
        ],
        [
          -0.10432909731784848,
          -0.3791289606730681,
          -0.9194436745292243
        ]
      ],
      "tx": -0.08783319227193617,
      "ty": -0.019533705339375734,
      "tz": 0.0
    }
  ],
  "points_N": 11457
}