{
  "type": "scene",
  "distance_m": 0.6,
  "num_objects": 11,
  "intrinsics": {
    "width": 640,
    "height": 480,
    "fx": 554.2562584220408,
    "fy": 554.2562584220408,
    "cx": 0.09220860382257251,
    "cy": 0.05791584334039071
  },
  "T_wc": [
    [
      0.999999999999,
      0.0,
      0.0,
      0.0
    ],
    [
      -0.0,
      0.9999999999973334,
      0.0,
      0.0
    ],
    [
      0.0,
      0.0,
      -0.9999999999983333,
      0.6150141660124063
    ],
    [
      0.0,
      0.0,
      0.0,
      1.0
    ]
  ],
  "bin_size": {
    "w": 0.25,
    "d": 0.25
  },
  "z_floor": 0.0,
  "piece_aabb": {
    "w": 0.0300283320248127,
    "d": 0.0300283320248127,
    "h": 0.0300283320248127
  },
  "poses": [
    {
      "R": [
        [
          -0.7304393543132786,
          0.6538760966284799,
          0.1972419831787937
        ],
        [
          0.45429021666153135,
          0.6808023846580094,
          -0.5745681091825291
        ],
        [
          -0.5099791649822761,
          -0.33008205540724356,
          -0.7943343678716852
        ]
      ],
      "tx": 0.07930561010070242,
      "ty": -0.052488290554496365,
      "tz": 0.0
    },
    {
      "R": [
        [
          0.103888746143602,
          -0.8514382732290199,
          0.5140622484733687
        ],
        [
          0.9835157407582756,
          0.1648570903484814,
          0.07428948406425676
        ],
        [
          -0.14799971657206323,
          0.4978704717520591,
          0.8545297404139724
        ]
      ],
      "tx": -0.049179622824445955,
      "ty": 0.025794323671070374,
      "tz": 0.0
    },
    {
      "R": [
        [
          -0.275183514621715,
          0.9187521379616644,
          0.28314049917189593
        ],
        [
          0.9511387271323087,
          0.2172766254537436,
          0.2193763655924788
        ],
        [
          0.1400326927169917,
          0.32967465329064033,
          -0.9336516844884519
        ]
      ],
      "tx": -0.002078190617209555,
      "ty": -0.07228454757668212,
      "tz": 0.0
    },
    {
      "R": [
        [
          -0.8929496862313013,
          0.3663375541997547,
          0.261605914004944
        ],
        [
          -0.3149633612518425,
          -0.9236470353412805,
          0.21834430419455592
        ],
        [
          0.3216192452704933,
          0.11257419992256291,
          0.9401532378200019
        ]
      ],
      "tx": 0.050039885857430605,
      "ty": 0.09714948212625008,
      "tz": 0.0
    },
    {
      "R": [
        [
          -0.8444569448684582,
          0.5316690262964121,
          -0.0649654888418087
        ],
        [
          -0.3406632531730416,
          -0.43952354176136343,
          0.8311243012781585
        ],
        [
          0.4133291862438343,
          0.7239800430361131,
          0.5522788073830441
        ]
      ],
      "tx": -0.057858946979850355,
      "ty": -0.08799101680701636,
      "tz": 0.0
    },
    {
      "R": [
        [
          0.7069581778945044,
          -0.7069379282187374,
          0.021187268674409898
        ],
        [
          0.12081665400220842,
          0.15022839119225284,
          0.9812414415400006
        ],
        [
          -0.6968597210513698,
          -0.6911368866770078,
          0.19161506477993906
        ]
      ],
      "tx": -0.0024691270049595343,
      "ty": -0.00852714322563973,
      "tz": 0.0
    },
    {
      "R": [
        [
          0.8009862136250707,
          -0.2505663707692544,
          0.5437256471991156
        ],
        [
          -0.49343015493728243,
          0.2380242907763892,
          0.8365830019782653
        ],
        [
          -0.3390394782044446,
          -0.9383820814784994,
          0.06701717226902704
        ]
      ],
      "tx": -0.08815197465378058,
      "ty": -0.027734180716830217,
      "tz": 0.0
    },
    {
      "R": [
        [
          0.7088215835644321,
          -0.48918283012144487,
          -0.5082048026018489
        ],
        [
          0.2919065528268639,
          -0.4524559497585139,
          0.8426589926802287
        ],
        [
          -0.6421545974996581,
          -0.7456431936539715,
          -0.17791486915813848
        ]
      ],
      "tx": -0.005119727061129051,
      "ty": 0.06580954336322195,
      "tz": 0.0
    },
    {
      "R": [
        [
          0.6936355645193074,
          -0.5919560445746896,
          -0.41043604242984033
        ],
        [
          0.14607115415528904,
          0.6735453891844787,
          -0.724568717674225
        ],
        [
          0.7053601360707333,
          0.44263376509233576,
          0.5536627388965771
        ]
      ],
      "tx": -0.09266471033451289,
      "ty": 0.07753173671483407,
      "tz": 0.0
    },
    {
      "R": [
        [
          -0.08803659091417582,
          0.2641200782736789,
          -0.9604635042066489
        ],
        [
          0.9887168550869753,
          0.1404832875869162,
          -0.05199448408910906
        ],
        [
          0.12119628347078493,
          -0.9542038724305604,
          -0.27350764287564533
        ]
      ],
      "tx": 0.06398608083266444,
      "ty": 0.0031187103382933623,
      "tz": 0.0
    },
    {
      "R": [
        [
          0.5464991513665012,
          0.7748530330646881,
          0.31771284945080097
        ],
        [
          -0.6490091130299247,
          0.6316245949870796,
          -0.4240725671527434
        ],
        [
          -0.529269164754385,
          0.025556763446513475,
          0.8480689848605092
        ]
      ],
      "tx": 0.09220860382257251,
      "ty": 0.05791584334039071,
      "tz": 0.0
    }
  ],
  "points_N": 12927
}