{
  "type": "scene",
  "distance_m": 0.6,
  "num_objects": 9,
  "intrinsics": {
    "width": 640,
    "height": 480,
    "fx": 554.2562584220408,
    "fy": 554.2562584220408,
    "cx": -0.08436132696624324,
    "cy": 0.09649663402898145
  },
  "T_wc": [
    [
      0.999999999999,
      0.0,
      0.0,
      0.0
    ],
    [
      -0.0,
      0.9999999999973334,
      0.0,
      0.0
    ],
    [
      0.0,
      0.0,
      -0.9999999999983333,
      0.6150141660124063
    ],
    [
      0.0,
      0.0,
      0.0,
      1.0
    ]
  ],
  "bin_size": {
    "w": 0.25,
    "d": 0.25
  },
  "z_floor": 0.0,
  "piece_aabb": {
    "w": 0.0300283320248127,
    "d": 0.0300283320248127,
    "h": 0.0300283320248127
  },
  "poses": [
    {
      "R": [
        [
          0.23254771368590987,
          0.3147497821480242,
          -0.9202467796722937
        ],
        [
          0.9645175694025584,
          -0.19624986763690178,
          0.1766121393514022
        ],
        [
          -0.12500967631842252,
          -0.9286649363953985,
          -0.34921915287752103
        ]
      ],
      "tx": -0.04805919423003924,
      "ty": -0.07349060955808331,
      "tz": 0.0
    },
    {
      "R": [
        [
          -0.5004667066622659,
          0.6352324404467543,
          0.5882285458277982
        ],
        [
          0.512474791929249,
          -0.3302513279805652,
          0.7926560717008013
        ],
        [
          0.6977841092771447,
          0.6981502753498947,
          -0.1602608182593861
        ]
      ],
      "tx": 0.081474527158472,
      "ty": -0.020377209829504278,
      "tz": 0.0
    },
    {
      "R": [
        [
          0.38982247342298293,
          0.8506721965385705,
          -0.3526971126202073
        ],
        [
          0.05742546629376111,
          0.35979526368423353,
          0.9312624141730068
        ],
        [
          0.919097794054219,
          -0.3832808138514585,
          0.09140603206589692
        ]
      ],
      "tx": -0.021506193272307864,
      "ty": 0.06620783304521644,
      "tz": 0.0
    },
    {
      "R": [
        [
          -0.13620164366068055,
          -0.8051732680809459,
          -0.5771872491938627
        ],
        [
          -0.5690313371612684,
          -0.41333892225668833,
          0.7108827418612287
        ],
        [
          -0.8109577360088428,
          0.4252610300927286,
          -0.401871380782314
        ]
      ],
      "tx": 0.06089449823605694,
      "ty": 0.07796541151668898,
      "tz": 0.0
    },
    {
      "R": [
        [
          0.2510131065692709,
          0.9152528538337887,
          0.31512637763213225
        ],
        [
          -0.30723111347893917,
          -0.233386694774806,
          0.9225723243261653
        ],
        [
          0.9179332564195151,
          -0.3283943730504485,
          0.22261103411077332
        ]
      ],
      "tx": 0.022065665214081973,
      "ty": -0.08182075367414021,
      "tz": 0.0
    },
    {
      "R": [
        [
          -0.5720199578339131,
          -0.8183475745517691,
          0.0556813708966013
        ],
        [
          -0.08463715625022128,
          -0.00863368089893024,
          -0.9963744333010612
        ],
        [
          0.8158613360256532,
          -0.5746587742124644,
          -0.06432397375057008
        ]
      ],
      "tx": 0.08636615456652622,
      "ty": -0.07853221913652624,
      "tz": 0.0
    },
    {
      "R": [
        [
          0.9738404706196742,
          0.20295655898337137,
          -0.10219282239414323
        ],
        [
          -0.22625999013327389,
          0.8245079751353293,
          -0.5186453661251876
        ],
        [
          -0.021003681775879517,
          0.5281999944186563,
          0.8488601835685246
        ]
      ],
      "tx": -0.08848618056971828,
      "ty": -0.010254613444634728,
      "tz": 0.0
    },
    {
      "R": [
        [
          -0.18360031794352816,
          -0.9808455427594165,
          0.0650610828377573
        ],
        [
          0.3658895434045582,
          -0.006758859880711121,
          0.9306337409745667
        ],
        [
          -0.9123682180338373,
          0.1946698206248184,
          0.36012205661367314
        ]
      ],
      "tx": -0.008034615070512882,
      "ty": -0.02717690365746868,
      "tz": 0.0
    },
    {
      "R": [
        [
          -0.8486388334698687,
          0.5278569847897587,
          -0.03433851970550181
        ],
        [
          0.23858643149153452,
          0.4398978334762119,
          0.8657750347584933
        ],
        [
          0.4721108397770972,
          0.7265376106655453,
          -0.49925389858604485
        ]
      ],
      "tx": -0.08436132696624324,
      "ty": 0.09649663402898145,
      "tz": 0.0
    }
  ],
  "points_N": 10642
}