{
  "type": "scene",
  "distance_m": 0.6,
  "num_objects": 6,
  "intrinsics": {
    "width": 640,
    "height": 480,
    "fx": 554.2562584220408,
    "fy": 554.2562584220408,
    "cx": 0.09776339594615904,
    "cy": 0.06879613864627468
  },
  "T_wc": [
    [
      0.999999999999,
      0.0,
      0.0,
      0.0
    ],
    [
      -0.0,
      0.9999999999973334,
      0.0,
      0.0
    ],
    [
      0.0,
      0.0,
      -0.9999999999983333,
      0.6150141660124063
    ],
    [
      0.0,
      0.0,
      0.0,
      1.0
    ]
  ],
  "bin_size": {
    "w": 0.25,
    "d": 0.25
  },
  "z_floor": 0.0,
  "piece_aabb": {
    "w": 0.0300283320248127,
    "d": 0.0300283320248127,
    "h": 0.0300283320248127
  },
  "poses": [
    {
      "R": [
        [
          -0.17214634920585414,
          -0.8242318701186337,
          0.5394510716791986
        ],
        [
          -0.09130111189116313,
          -0.531918915159574,
          -0.8418588804917956
        ],
        [
          0.9808311482730009,
          -0.19417541547838046,
          0.01631461312029514
        ]
      ],
      "tx": -0.0654415383788108,
      "ty": 0.0015358863620545116,
      "tz": 0.0
    },
    {
      "R": [
        [
          -0.9850023679803595,
          0.11064377645843268,
          0.1323944477842646
        ],
        [
          0.11681090273730607,
          0.992358985856138,
          0.039734823420682026
        ],
        [
          -0.12698640901600303,
          0.05460401012374034,
          -0.9904003503652583
        ]
      ],
      "tx": 0.09475188934926607,
      "ty": -0.03848997146712861,
      "tz": 0.0
    },
    {
      "R": [
        [
          0.23591549219008878,
          0.7255066565413596,
          -0.6465167993632386
        ],
        [
          -0.7053801245428869,
          0.5854595753960408,
          0.3995947515633172
        ],
        [
          0.6684181030197864,
          0.36176950796227353,
          0.6498769596347949
        ]
      ],
      "tx": -0.052371544644277124,
      "ty": 0.06360752761937394,
      "tz": 0.0
    },
    {
      "R": [
        [
          -0.024366279381337508,
          -0.9385348143502261,
          -0.3443235203724787
        ],
        [
          0.2641623755050668,
          -0.33822837540886264,
          0.9032274383762935
        ],
        [
          -0.9641703811031691,
          -0.0689490269754946,
          0.2561669531428712
        ]
      ],
      "tx": 0.03793238162662205,
      "ty": -0.05468763656393565,
      "tz": 0.0
    },
    {
      "R": [
        [
          -0.3751821546055911,
          -0.6039573534097628,
          -0.7031883575030103
        ],
        [
          0.8377206023059528,
          -0.5456675916644009,
          0.021704190363254716
        ],
        [
          -0.39681550289480627,
          -0.5809323494774996,
          0.7106722606046294
        ]
      ],
      "tx": 0.035779505596484296,
      "ty": 0.0422655704417888,
      "tz": 0.0
    },
    {
      "R": [
        [
          -0.314095677225247,
          -0.7211391062882494,
          0.6174967975060262
        ],
        [
          -0.5716575492580368,
          0.6629453527428848,
          0.48343676489579
        ],
        [
          -0.7579917888240668,
          -0.20115130787145544,
          -0.6204728837079783
        ]
      ],
      "tx": 0.09776339594615904,
      "ty": 0.06879613864627468,
      "tz": 0.0
    }
  ],
  "points_N": 6679
}