{
  "type": "scene",
  "distance_m": 0.6,
  "num_objects": 9,
  "intrinsics": {
    "width": 640,
    "height": 480,
    "fx": 554.2562584220408,
    "fy": 554.2562584220408,
    "cx": -0.012883727312154147,
    "cy": -0.02347780395918278
  },
  "T_wc": [
    [
      0.999999999999,
      0.0,
      0.0,
      0.0
    ],
    [
      -0.0,
      0.9999999999973334,
      0.0,
      0.0
    ],
    [
      0.0,
      0.0,
      -0.9999999999983333,
      0.6150141660124063
    ],
    [
      0.0,
      0.0,
      0.0,
      1.0
    ]
  ],
  "bin_size": {
    "w": 0.25,
    "d": 0.25
  },
  "z_floor": 0.0,
  "piece_aabb": {
    "w": 0.0300283320248127,
    "d": 0.0300283320248127,
    "h": 0.0300283320248127
  },
  "poses": [
    {
      "R": [
        [
          0.22479559198463073,
          -0.6386797868292791,
          -0.735904254451614
        ],
        [
          -0.9724924020864245,
          -0.09974644930188314,
          -0.21049744353754674
        ],
        [
          0.061036625958970525,
          0.7629801935485437,
          -0.6435338021768331
        ]
      ],
      "tx": -0.07838496647377258,
      "ty": 0.05600996374934389,
      "tz": 0.0
    },
    {
      "R": [
        [
          0.36187865709490197,
          0.9047830999449107,
          0.2245247861445776
        ],
        [
          0.11178644456819514,
          -0.28122710037114573,
          0.9531081307111169
        ],
        [
          0.9254985836563945,
          -0.3198106628474347,
          -0.202912571269235
        ]
      ],
      "tx": 0.004660172621035241,
      "ty": -0.09494032994366666,
      "tz": 0.0
    },
    {
      "R": [
        [
          0.7344139073563163,
          0.37105371137267373,
          -0.5682916117260509
        ],
        [
          -0.6249682257171948,
          0.6962516748300825,
          -0.3530556926891371
        ],
        [
          0.2646713613625954,
          0.6144532110526151,
          0.7432336926577003
        ]
      ],
      "tx": 0.001206305095518001,
      "ty": 0.03208340403228352,
      "tz": 0.0
    },
    {
      "R": [
        [
          -0.5649380619262372,
          -0.6970830336656729,
          0.4414977127488763
        ],
        [
          0.8011255498166229,
          -0.5915104545516612,
          0.09117694657697481
        ],
        [
          0.19759261023135602,
          0.40520442536027323,
          0.8926177984167749
        ]
      ],
      "tx": 0.080518967470039,
      "ty": -0.08743413642521136,
      "tz": 0.0
    },
    {
      "R": [
        [
          0.8309752774872601,
          -0.1813128134688537,
          -0.5259332199785252
        ],
        [
          -0.08652665488941991,
          0.8917672426339887,
          -0.44414448432758896
        ],
        [
          0.5495391034299728,
          0.4145803283285175,
          0.7253481406637783
        ]
      ],
      "tx": 0.058769400813948214,
      "ty": 0.001883390200910287,
      "tz": 0.0
    },
    {
      "R": [
        [
          -0.4679017678534958,
          0.8425250816269434,
          0.2668696731910285
        ],
        [
          0.5246706179834681,
          0.021816983920167288,
          0.851025711619498
        ],
        [
          0.7111882157800561,
          0.5382151113097252,
          -0.4522563605892582
        ]
      ],
      "tx": 0.08066826373046426,
      "ty": 0.08165026161095465,
      "tz": 0.0
    },
    {
      "R": [
        [
          -0.0821821331735535,
          0.963051797490203,
          0.25647091908817543
        ],
        [
          0.7416408442028809,
          0.23100176374898573,
          -0.6297674518065346
        ],
        [
          -0.6657439111227998,
          0.13845367635330924,
          -0.7332227658134809
        ]
      ],
      "tx": -0.07793946115386392,
      "ty": -0.04705106689623104,
      "tz": 0.0
    },
    {
      "R": [
        [
          -0.8359996899681903,
          0.40423184520390243,
          0.3710810338674527
        ],
        [
          0.045514891379923456,
          -0.6228415039145996,
          0.7810229546332638
        ],
        [
          0.5468390193061968,
          0.6698246608810755,
          0.5022967356451653
        ]
      ],
      "tx": 0.018742686423984217,
      "ty": 0.09715895858141765,
      "tz": 0.0
    },
    {
      "R": [
        [
          0.5506998307291491,
          0.3679336344280057,
          -0.7492359688986409
        ],
        [
          -0.4890830042183106,
          -0.5851488355082173,
          -0.6468374257015199
        ],
        [
          -0.676407799644326,
          0.7226518393804695,
          -0.1422912773867233
        ]
      ],
      "tx": -0.012883727312154147,
      "ty": -0.02347780395918278,
      "tz": 0.0
    }
  ],
  "points_N": 11173
}