{
  "type": "scene",
  "distance_m": 0.5,
  "num_objects": 11,
  "intrinsics": {
    "width": 640,
    "height": 480,
    "fx": 554.2562584220408,
    "fy": 554.2562584220408,
    "cx": -0.09883753884549666,
    "cy": 0.038553516861302206
  },
  "T_wc": [
    [
      0.999999999999,
      0.0,
      0.0,
      0.0
    ],
    [
      -0.0,
      0.9999999999970001,
      0.0,
      0.0
    ],
    [
      0.0,
      0.0,
      -0.999999999998,
      0.5150141660124063
    ],
    [
      0.0,
      0.0,
      0.0,
      1.0
    ]
  ],
  "bin_size": {
    "w": 0.25,
    "d": 0.25
  },
  "z_floor": 0.0,
  "piece_aabb": {
    "w": 0.0300283320248127,
    "d": 0.0300283320248127,
    "h": 0.0300283320248127
  },
  "poses": [
    {
      "R": [
        [
          0.12332299639208466,
          -0.3555521871098218,
          -0.9264847979337278
        ],
        [
          -0.204052538467495,
          0.9045761060874697,
          -0.37430553006949047
        ],
        [
          0.9711611607276363,
          0.2352120544042185,
          0.03900370952996213
        ]
      ],
      "tx": 0.010403877257653404,
      "ty": -0.01688426472672057,
      "tz": 0.0
    },
    {
      "R": [
        [
          0.42123775181781653,
          -0.1120553732070953,
          0.9000013054317699
        ],
        [
          0.906696216252876,
          0.02854469555948902,
          -0.42081726650427975
        ],
        [
          0.021464572583434205,
          0.9932918975260165,
          0.11362428628148047
        ]
      ],
      "tx": -0.05154966347520759,
      "ty": -0.09610881245989779,
      "tz": 0.0
    },
    {
      "R": [
        [
          0.327435003388189,
          -0.34167922905705606,
          -0.8809322465361071
        ],
        [
          0.7536803566184092,
          0.6567498041957194,
          0.025408949927770486
        ],
        [
          0.5698703699998136,
          -0.6722611093316793,
          0.47255979756684285
        ]
      ],
      "tx": 0.08523997294968394,
      "ty": -0.033639243511557324,
      "tz": 0.0
    },
    {
      "R": [
        [
          -0.4207361889865666,
          0.8633485442666494,
          -0.2785863427910947
        ],
        [
          0.7914391711794987,
          0.1992248295043375,
          -0.5778697998958554
        ],
        [
          -0.443401733870954,
          -0.4636148815791238,
          -0.7671089518305769
        ]
      ],
      "tx": -0.053171450730732,
      "ty": 0.0822612308895398,
      "tz": 0.0
    },
    {
      "R": [
        [
          -0.5213113145002981,
          -0.762308890674852,
          0.38356181844918885
        ],
        [
          -0.6618219067801826,
          0.6449064292241833,
          0.38221389463382527
        ],
        [
          -0.538726532741627,
          -0.05459718622227855,
          -0.8407097419304688
        ]
      ],
      "tx": -0.04023993769121472,
      "ty": 0.024368845137566292,
      "tz": 0.0
    },
    {
      "R": [
        [
          0.5486266515356377,
          -0.07594286823340338,
          0.8326112406094923
        ],
        [
          0.5633427826168065,
          -0.7022806656090173,
          -0.435254840277865
        ],
        [
          0.6177812772319566,
          0.7078379387093067,
          -0.3425080233007871
        ]
      ],
      "tx": -0.08225841536778938,
      "ty": -0.024004982593145416,
      "tz": 0.0
    },
    {
      "R": [
        [
          0.5682890526622929,
          -0.35899898702257793,
          0.7403831980406881
        ],
        [
          0.27734696083471344,
          -0.7635736669169537,
          -0.5831242736387716
        ],
        [
          0.7746781369962248,
          0.5367261708802358,
          -0.3343632778166561
        ]
      ],
      "tx": 0.03960822724966087,
      "ty": 0.06119032191037488,
      "tz": 0.0
    },
    {
      "R": [
        [
          0.3470629640372409,
          0.13461244666608707,
          -0.928130803387246
        ],
        [
          0.316461111717253,
          0.9147918241275252,
          0.2510145081068329
        ],
        [
          0.8828361477445092,
          -0.3808351450588625,
          0.27489075743580393
        ]
      ],
      "tx": 0.030407982579130105,
      "ty": -0.08927609626979499,
      "tz": 0.0
    },
    {
      "R": [
        [
          0.519119200680348,
          0.15642092703806137,
          -0.8402664750360744
        ],
        [
          -0.7633545457271926,
          0.5270653462515443,
          -0.37348622236753376
        ],
        [
          0.38445427946978006,
          0.835305102561509,
          0.3930143669537782
        ]
      ],
      "tx": 0.09863873874175433,
      "ty": 0.061156052249141474,
      "tz": 0.0
    },
    {
      "R": [
        [
          -0.8999139106364886,
          0.1848042075278421,
          -0.3949713386094595
        ],
        [
          0.13995221050892037,
          -0.7354406812549235,
          -0.6629784182980325
        ],
        [
          -0.41299919154474,
          -0.6519006130042373,
          0.6359695421544107
        ]
      ],
      "tx": 0.09217108098633836,
      "ty": -0.09652056737110508,
      "tz": 0.0
    },
    {
      "R": [
        [
          0.5305017908911329,
          -0.6630065151902469,
          0.5281952391650133
        ],
        [
          -0.7812519195450602,
          -0.1406029198433234,
          0.6081745285184927
        ],
        [
          -0.32895788190657393,
          -0.7352912210456597,
          -0.5925652134446671
        ]
      ],
      "tx": -0.09883753884549666,
      "ty": 0.038553516861302206,
      "tz": 0.0
    }
  ],
  "points_N": 18981
}