{
  "type": "scene",
  "distance_m": 0.5,
  "num_objects": 11,
  "intrinsics": {
    "width": 640,
    "height": 480,
    "fx": 554.2562584220408,
    "fy": 554.2562584220408,
    "cx": 0.010825391577373125,
    "cy": 0.026099128093542562
  },
  "T_wc": [
    [
      0.999999999999,
      0.0,
      0.0,
      0.0
    ],
    [
      -0.0,
      0.9999999999970001,
      0.0,
      0.0
    ],
    [
      0.0,
      0.0,
      -0.999999999998,
      0.5150141660124063
    ],
    [
      0.0,
      0.0,
      0.0,
      1.0
    ]
  ],
  "bin_size": {
    "w": 0.25,
    "d": 0.25
  },
  "z_floor": 0.0,
  "piece_aabb": {
    "w": 0.0300283320248127,
    "d": 0.0300283320248127,
    "h": 0.0300283320248127
  },
  "poses": [
    {
      "R": [
        [
          0.10094907168529721,
          -0.9253679946848534,
          0.3653811151918086
        ],
        [
          -0.6932362939460348,
          -0.3288478427229744,
          -0.6413131349757406
        ],
        [
          0.7136054411800988,
          -0.18855548453805002,
          -0.6746955636201988
        ]
      ],
      "tx": 0.01467308444409969,
      "ty": -0.034024190214425654,
      "tz": 0.0
    },
    {
      "R": [
        [
          0.5303964532181371,
          0.035715743972449365,
          -0.846997041344369
        ],
        [
          -0.8477439039959268,
          0.018641833186954337,
          -0.5300780652820624
        ],
        [
          -0.0031425549104399653,
          0.999188104256613,
          0.04016536643316804
        ]
      ],
      "tx": -0.043228303398291035,
      "ty": 0.050293478979938216,
      "tz": 0.0
    },
    {
      "R": [
        [
          0.9235157959097333,
          -0.35440994427644323,
          0.14667026318644186
        ],
        [
          -0.32924992442104684,
          -0.5363445242408533,
          0.7771287142974368
        ],
        [
          -0.1967563518007656,
          -0.7659818161776561,
          -0.6120120875532054
        ]
      ],
      "tx": -0.06873260832608044,
      "ty": -0.08498837609816567,
      "tz": 0.0
    },
    {
      "R": [
        [
          -0.1022647073272751,
          -0.03752075573039099,
          0.9940493561814159
        ],
        [
          -0.5652167569865341,
          -0.8201162200715402,
          -0.0891033287660723
        ],
        [
          0.8185792247894472,
          -0.5709654792235602,
          0.06266158534635136
        ]
      ],
      "tx": 0.07339320474993086,
      "ty": 0.04821163568190415,
      "tz": 0.0
    },
    {
      "R": [
        [
          -0.04486577238554568,
          -0.5463737135765452,
          -0.8363389430014744
        ],
        [
          0.23048632047344403,
          -0.8202566367794519,
          0.5235027276852289
        ],
        [
          -0.9720406979869006,
          -0.1692773314175214,
          0.16273311440914962
        ]
      ],
      "tx": 0.008366255147619364,
      "ty": 0.09437637730539356,
      "tz": 0.0
    },
    {
      "R": [
        [
          0.045451842011172916,
          -0.9905026022403279,
          0.12976411296244325
        ],
        [
          -0.9090883698077207,
          0.012836666716622425,
          0.4164055185368546
        ],
        [
          -0.41411648836786463,
          -0.13689344375369006,
          -0.8998709458134109
        ]
      ],
      "tx": -0.08204928403458453,
      "ty": -0.021238669025102852,
      "tz": 0.0
    },
    {
      "R": [
        [
          0.6858402548144913,
          0.7017822619431432,
          -0.19267797408619183
        ],
        [
          0.25391494521989755,
          -0.47887264360598336,
          -0.8403619409515127
        ],
        [
          -0.6820193145871825,
          0.5274302304834099,
          -0.5066231405120059
        ]
      ],
      "tx": 0.06071711927213164,
      "ty": -0.08998276431943916,
      "tz": 0.0
    },
    {
      "R": [
        [
          0.9684583231617357,
          -0.20038132607548903,
          -0.14810739501789766
        ],
        [
          0.06010656780699679,
          0.7647037444525379,
          -0.6415725864831902
        ],
        [
          0.2418174452044805,
          0.6124340841106871,
          0.7526279398310176
        ]
      ],
      "tx": -0.00010539669062813173,
      "ty": -0.09245930118069687,
      "tz": 0.0
    },
    {
      "R": [
        [
          -0.3853545886170029,
          0.8818743229559822,
          0.2716606698488913
        ],
        [
          0.28060484770612465,
          0.3924450707392818,
          -0.8759268153768687
        ],
        [
          -0.8790692580653945,
          -0.26131311670746277,
          -0.39868871887851176
        ]
      ],
      "tx": 0.09895116290128406,
      "ty": -0.03242739194418626,
      "tz": 0.0
    },
    {
      "R": [
        [
          0.2333973229553823,
          0.011587260542283706,
          0.9723124112292234
        ],
        [
          -0.9416541653453159,
          0.2520779528142869,
          0.22303394045027014
        ],
        [
          -0.24251416974081624,
          -0.9676375566802291,
          0.06974551151751052
        ]
      ],
      "tx": -0.08864127743268535,
      "ty": 0.09435462182541637,
      "tz": 0.0
    },
    {
      "R": [
        [
          -0.4356629627933253,
          -0.4902042754738969,
          0.7549155920745403
        ],
        [
          -0.18218017620301433,
          0.869356364337412,
          0.4593799028959315
        ],
        [
          -0.8814806669739164,
          0.06260415396080893,
          -0.468051870691776
        ]
      ],
      "tx": 0.010825391577373125,
      "ty": 0.026099128093542562,
      "tz": 0.0
    }
  ],
  "points_N": 17846
}