{
  "type": "scene",
  "distance_m": 0.5,
  "num_objects": 10,
  "intrinsics": {
    "width": 640,
    "height": 480,
    "fx": 554.2562584220408,
    "fy": 554.2562584220408,
    "cx": -0.054842847513705224,
    "cy": -0.01831514297062012
  },
  "T_wc": [
    [
      0.999999999999,
      0.0,
      0.0,
      0.0
    ],
    [
      -0.0,
      0.9999999999970001,
      0.0,
      0.0
    ],
    [
      0.0,
      0.0,
      -0.999999999998,
      0.5150141660124063
    ],
    [
      0.0,
      0.0,
      0.0,
      1.0
    ]
  ],
  "bin_size": {
    "w": 0.25,
    "d": 0.25
  },
  "z_floor": 0.0,
  "piece_aabb": {
    "w": 0.0300283320248127,
    "d": 0.0300283320248127,
    "h": 0.0300283320248127
  },
  "poses": [
    {
      "R": [
        [
          0.14583247282905187,
          0.41982637915964127,
          -0.895811755465549
        ],
        [
          -0.898435830382339,
          0.43529178051924733,
          0.05774187819581378
        ],
        [
          0.41418105769549685,
          0.7964087375048621,
          0.440666738331986
        ]
      ],
      "tx": 0.00887291627399231,
      "ty": 0.030600115944478035,
      "tz": 0.0
    },
    {
      "R": [
        [
          -0.7128329415645511,
          0.34760979315662366,
          -0.6091277609188721
        ],
        [
          -0.0023577703504588376,
          0.8673348353290885,
          0.49771952377181006
        ],
        [
          0.7013299069192784,
          0.3562270555787028,
          -0.6174452579252059
        ]
      ],
      "tx": -0.08939925690820183,
      "ty": 0.029571721446337074,
      "tz": 0.0
    },
    {
      "R": [
        [
          -0.7362771111729278,
          -0.3873965223468366,
          -0.5548152395495501
        ],
        [
          0.6753837555206139,
          -0.47143596462506987,
          -0.5671022077517434
        ],
        [
          -0.04186643454749284,
          -0.7922575753702874,
          0.6087488282754011
        ]
      ],
      "tx": -0.09149405318603396,
      "ty": -0.0668532755062541,
      "tz": 0.0
    },
    {
      "R": [
        [
          -0.15174095055560555,
          -0.9645827769887199,
          0.21576549831057457
        ],
        [
          0.17863945306719403,
          0.18793539052559383,
          0.9657992725177661
        ],
        [
          -0.9721433174858194,
          0.18509553026672998,
          0.14379504491790773
        ]
      ],
      "tx": -0.00786682672299538,
      "ty": -0.07308082167831707,
      "tz": 0.0
    },
    {
      "R": [
        [
          0.20140845055361367,
          0.017910971276983156,
          -0.9793435725798723
        ],
        [
          -0.9483736954044334,
          0.2536434407327882,
          -0.1904004696374763
        ],
        [
          0.24499381606589887,
          0.9671319465725179,
          0.06807222640931343
        ]
      ],
      "tx": 0.09268942163929372,
      "ty": 0.015129041511446797,
      "tz": 0.0
    },
    {
      "R": [
        [
          -0.7800371310279615,
          0.5679671389310703,
          0.26259360866578796
        ],
        [
          0.23410197238497485,
          -0.1242915998262566,
          0.9642343411941384
        ],
        [
          0.580291599752341,
          0.8136122708680614,
          -0.036010164534265865
        ]
      ],
      "tx": 0.09026773821941844,
      "ty": -0.04545977433462934,
      "tz": 0.0
    },
    {
      "R": [
        [
          -0.8186842747333913,
          -0.30027109109468475,
          -0.48948271691354805
        ],
        [
          -0.5592774711305556,
          0.223592721676093,
          0.7982574804530727
        ],
        [
          -0.13024887174202937,
          0.9272775025127509,
          -0.3509867016621053
        ]
      ],
      "tx": -0.08774992417915614,
      "ty": 0.09771219514218049,
      "tz": 0.0
    },
    {
      "R": [
        [
          0.08870896373103321,
          0.03894104705074897,
          -0.9952960939380591
        ],
        [
          0.8618736354128514,
          -0.5038979804545551,
          0.05710220550956091
        ],
        [
          -0.4993040720182458,
          -0.8628849402721155,
          -0.078262529460696
        ]
      ],
      "tx": 0.032385385575174425,
      "ty": 0.09324613005551616,
      "tz": 0.0
    },
    {
      "R": [
        [
          0.4585398723719719,
          0.5576052286427464,
          0.691966469155382
        ],
        [
          -0.4101882133720119,
          -0.5579412688730652,
          0.7214202451407852
        ],
        [
          0.7883443505574024,
          -0.6146364368295978,
          -0.0271152257162508
        ]
      ],
      "tx": 0.09017000190918953,
      "ty": 0.07520207285211261,
      "tz": 0.0
    },
    {
      "R": [
        [
          0.18639274757545699,
          -0.3082585949878243,
          -0.9328635389312867
        ],
        [
          0.9440970481131186,
          -0.2065932326205986,
          0.2569046515333404
        ],
        [
          -0.2719163610292105,
          -0.9285988772615996,
          0.2525185493248534
        ]
      ],
      "tx": -0.054842847513705224,
      "ty": -0.01831514297062012,
      "tz": 0.0
    }
  ],
  "points_N": 16809
}