{
  "type": "scene",
  "distance_m": 0.5,
  "num_objects": 12,
  "intrinsics": {
    "width": 640,
    "height": 480,
    "fx": 554.2562584220408,
    "fy": 554.2562584220408,
    "cx": 0.09826750249986571,
    "cy": 0.04526954341050646
  },
  "T_wc": [
    [
      0.999999999999,
      0.0,
      0.0,
      0.0
    ],
    [
      -0.0,
      0.9999999999970001,
      0.0,
      0.0
    ],
    [
      0.0,
      0.0,
      -0.999999999998,
      0.5150141660124063
    ],
    [
      0.0,
      0.0,
      0.0,
      1.0
    ]
  ],
  "bin_size": {
    "w": 0.25,
    "d": 0.25
  },
  "z_floor": 0.0,
  "piece_aabb": {
    "w": 0.0300283320248127,
    "d": 0.0300283320248127,
    "h": 0.0300283320248127
  },
  "poses": [
    {
      "R": [
        [
          0.40383476100236815,
          -0.7548070497070914,
          0.5168982525784321
        ],
        [
          0.8423178937004391,
          0.5272483418702839,
          0.11184700240548331
        ],
        [
          -0.35695665249189035,
          0.3902249398840528,
          0.8487086923876008
        ]
      ],
      "tx": 0.008449609183889373,
      "ty": 0.0279649292985156,
      "tz": 0.0
    },
    {
      "R": [
        [
          -0.8584144935357685,
          -0.22271213368041368,
          0.46208642351755813
        ],
        [
          -0.4918371237740643,
          0.10153096653027127,
          -0.8647471922551034
        ],
        [
          0.14567361108102697,
          -0.9695827805540621,
          -0.19669374847123966
        ]
      ],
      "tx": -0.05265287681667894,
      "ty": -0.057492149434947376,
      "tz": 0.0
    },
    {
      "R": [
        [
          0.45810907528903644,
          -0.44743644933341953,
          -0.7680733682049692
        ],
        [
          -0.8760990472170971,
          -0.08118322567533087,
          -0.4752470340088857
        ],
        [
          0.15028817186697913,
          0.890623325360868,
          -0.42918941939431665
        ]
      ],
      "tx": 0.055120785930629634,
      "ty": -0.08102655605374302,
      "tz": 0.0
    },
    {
      "R": [
        [
          -0.49160827818890285,
          -0.7116706460379099,
          -0.5018427964852404
        ],
        [
          0.43989064243289344,
          -0.7003076324289426,
          0.5621969785242049
        ],
        [
          -0.7515434275649803,
          0.05562473846907562,
          0.6573342870671879
        ]
      ],
      "tx": 0.045424511042057525,
      "ty": 0.07198768585579024,
      "tz": 0.0
    },
    {
      "R": [
        [
          -0.3192163200003282,
          0.24795869018199765,
          0.9146679337380731
        ],
        [
          -0.5401340263734578,
          -0.8406566965767501,
          0.039389745547062954
        ],
        [
          0.7786887533533823,
          -0.48146942422535377,
          0.40228226276715406
        ]
      ],
      "tx": -0.09343542182216066,
      "ty": 0.028923710528426183,
      "tz": 0.0
    },
    {
      "R": [
        [
          0.3838724079077608,
          0.13833011410065987,
          -0.9129659106341246
        ],
        [
          0.2869822429727252,
          -0.9576243362400998,
          -0.024429958228626467
        ],
        [
          -0.8776577730900819,
          -0.25262701790110875,
          -0.40730384623883875
        ]
      ],
      "tx": 0.0663844276720508,
      "ty": -0.005312934085545007,
      "tz": 0.0
    },
    {
      "R": [
        [
          0.9047728556079908,
          0.42194353661424844,
          -0.05787686640119907
        ],
        [
          0.42345855928347254,
          -0.9057662620122253,
          0.01644162917616189
        ],
        [
          -0.04548547377490528,
          -0.03938439424265743,
          -0.9981883295078195
        ]
      ],
      "tx": -0.08420655886959331,
      "ty": 0.09865021537813212,
      "tz": 0.0
    },
    {
      "R": [
        [
          0.8909508036907924,
          0.24419497923795747,
          0.3828517696416
        ],
        [
          0.035626293635801956,
          -0.8780905119662739,
          0.47716644894269694
        ],
        [
          0.4527001575043981,
          -0.41149224161553927,
          -0.7910352093843311
        ]
      ],
      "tx": -0.034937596461314516,
      "ty": 0.06848691937024715,
      "tz": 0.0
    },
    {
      "R": [
        [
          -0.0002805227066899896,
          0.4504287657273195,
          0.8928123253586805
        ],
        [
          0.10642817082293798,
          0.8877549847739368,
          -0.447843869517392
        ],
        [
          -0.9943203536900441,
          0.09489475230164662,
          -0.04818734505359856
        ]
      ],
      "tx": -0.0007097224418054909,
      "ty": -0.02982945878499646,
      "tz": 0.0
    },
    {
      "R": [
        [
          -0.2933429635110165,
          0.31832678137477044,
          0.9014532522644496
        ],
        [
          -0.7700537643811275,
          -0.6374701076854818,
          -0.025476690717500416
        ],
        [
          0.5665395888382643,
          -0.7016408782753747,
          0.43212610683911634
        ]
      ],
      "tx": -0.011741710217495566,
      "ty": -0.09880444922492977,
      "tz": 0.0
    },
    {
      "R": [
        [
          -0.11040119020119077,
          0.11892849601385957,
          -0.986745960233961
        ],
        [
          0.9838514661137524,
          -0.12765327871171772,
          -0.125462875225974
        ],
        [
          -0.14088246813560706,
          -0.9846627104090161,
          -0.10291490126308123
        ]
      ],
      "tx": -0.09782233241078868,
      "ty": -0.09693280591170389,
      "tz": 0.0
    },
    {
      "R": [
        [
          -0.030710201070698773,
          -0.7807690352340406,
          -0.6240645777240549
        ],
        [
          -0.8104388680131573,
          -0.3459827762196903,
          0.47274174744025743
        ],
        [
          -0.5850177132051214,
          0.5202841840561958,
          -0.6221403724700956
        ]
      ],
      "tx": 0.09826750249986571,
      "ty": 0.04526954341050646,
      "tz": 0.0
    }
  ],
  "points_N": 19971
}