{
  "type": "scene",
  "distance_m": 0.5,
  "num_objects": 7,
  "intrinsics": {
    "width": 640,
    "height": 480,
    "fx": 554.2562584220408,
    "fy": 554.2562584220408,
    "cx": 0.07241142496490174,
    "cy": 0.07718107285986303
  },
  "T_wc": [
    [
      0.999999999999,
      0.0,
      0.0,
      0.0
    ],
    [
      -0.0,
      0.9999999999970001,
      0.0,
      0.0
    ],
    [
      0.0,
      0.0,
      -0.999999999998,
      0.5150141660124063
    ],
    [
      0.0,
      0.0,
      0.0,
      1.0
    ]
  ],
  "bin_size": {
    "w": 0.25,
    "d": 0.25
  },
  "z_floor": 0.0,
  "piece_aabb": {
    "w": 0.0300283320248127,
    "d": 0.0300283320248127,
    "h": 0.0300283320248127
  },
  "poses": [
    {
      "R": [
        [
          0.8810206747611738,
          0.3540735273069774,
          0.3137427415953411
        ],
        [
          0.4722516420786451,
          -0.6190694050308478,
          -0.6274802453534093
        ],
        [
          -0.027945611415554322,
          0.7009885940692234,
          -0.7126247496315741
        ]
      ],
      "tx": 0.020236805413626574,
      "ty": 0.03946959932125524,
      "tz": 0.0
    },
    {
      "R": [
        [
          -0.95750127987221,
          0.1952129381554034,
          0.2123280664910192
        ],
        [
          0.003198892788691232,
          0.7432957090712605,
          -0.6689553467617839
        ],
        [
          -0.28841127947430645,
          -0.6398463859810313,
          -0.7123310580193785
        ]
      ],
      "tx": -0.09765694527800532,
      "ty": -0.03356546653181447,
      "tz": 0.0
    },
    {
      "R": [
        [
          -0.2737782814160099,
          0.9573682343136165,
          -0.09214942513181512
        ],
        [
          0.6445579539185249,
          0.11152045099346497,
          -0.7563783663290342
        ],
        [
          -0.7138560755959569,
          -0.2664756141515434,
          -0.6476111876715045
        ]
      ],
      "tx": 0.004025869562286732,
      "ty": -0.047531922907616056,
      "tz": 0.0
    },
    {
      "R": [
        [
          0.5507353397271271,
          -0.824275093427887,
          0.1313817184013591
        ],
        [
          0.21529868056080803,
          -0.011790533375444667,
          -0.9764770665363819
        ],
        [
          0.8064347857851997,
          0.566066739596287,
          0.1709718766300714
        ]
      ],
      "tx": -0.09453450841740509,
      "ty": 0.0913776304720581,
      "tz": 0.0
    },
    {
      "R": [
        [
          0.6910949102602284,
          0.7208565969623435,
          0.05247467606642647
        ],
        [
          0.37031758168570916,
          -0.41550604250157397,
          0.8307945698782152
        ],
        [
          0.620687291401117,
          -0.5547256035740101,
          -0.554099982884493
        ]
      ],
      "tx": 0.09458408826244752,
      "ty": -0.015660788679935173,
      "tz": 0.0
    },
    {
      "R": [
        [
          0.9873125998809071,
          -0.15845114189593443,
          -0.01034725800771058
        ],
        [
          0.040474832409549404,
          0.3141399020699086,
          -0.9485135264554362
        ],
        [
          0.15354353798783774,
          0.9360605522931639,
          0.3165675668523147
        ]
      ],
      "tx": -0.035976792998901816,
      "ty": -0.004856977233376733,
      "tz": 0.0
    },
    {
      "R": [
        [
          0.34828542484953806,
          0.7005071043960802,
          -0.6228860726713964
        ],
        [
          0.23363236221290834,
          0.5786514269540833,
          0.7813951915713454
        ],
        [
          0.9078067978177918,
          -0.41767490081955183,
          0.03787472852951379
        ]
      ],
      "tx": 0.07241142496490174,
      "ty": 0.07718107285986303,
      "tz": 0.0
    }
  ],
  "points_N": 12352
}