{
  "type": "scene",
  "distance_m": 0.5,
  "num_objects": 11,
  "intrinsics": {
    "width": 640,
    "height": 480,
    "fx": 554.2562584220408,
    "fy": 554.2562584220408,
    "cx": 0.08369101740732088,
    "cy": 0.0007898124977161053
  },
  "T_wc": [
    [
      0.999999999999,
      0.0,
      0.0,
      0.0
    ],
    [
      -0.0,
      0.9999999999970001,
      0.0,
      0.0
    ],
    [
      0.0,
      0.0,
      -0.999999999998,
      0.5150141660124063
    ],
    [
      0.0,
      0.0,
      0.0,
      1.0
    ]
  ],
  "bin_size": {
    "w": 0.25,
    "d": 0.25
  },
  "z_floor": 0.0,
  "piece_aabb": {
    "w": 0.0300283320248127,
    "d": 0.0300283320248127,
    "h": 0.0300283320248127
  },
  "poses": [
    {
      "R": [
        [
          0.8786274278696546,
          -0.4768592359558725,
          0.024881962919681894
        ],
        [
          0.07616689205420984,
          0.08851793600723146,
          -0.9931581845606579
        ],
        [
          0.47139415307145804,
          0.8745112029520268,
          0.11409517238446831
        ]
      ],
      "tx": 0.0023118454638298563,
      "ty": 0.09374291160360818,
      "tz": 0.0
    },
    {
      "R": [
        [
          0.14619066813171622,
          0.9892263229332919,
          0.007718197139301219
        ],
        [
          0.34949112013037864,
          -0.044346737433259786,
          -0.935889589550519
        ],
        [
          -0.925464340480613,
          0.13951576575750962,
          -0.3522088948392419
        ]
      ],
      "tx": 0.020042874634386157,
      "ty": -0.0029756421202368905,
      "tz": 0.0
    },
    {
      "R": [
        [
          0.20164853849451247,
          -0.9437691751123676,
          -0.26198780702686963
        ],
        [
          -0.11389510521321883,
          0.2430737888683271,
          -0.9632980007109253
        ],
        [
          0.9728133284096682,
          0.2240867628239498,
          -0.05847521522479404
        ]
      ],
      "tx": 0.08684162288195812,
      "ty": -0.05638233240393294,
      "tz": 0.0
    },
    {
      "R": [
        [
          -0.027610902970437667,
          -0.8183770778785882,
          0.5740179408694996
        ],
        [
          0.40770099431056916,
          -0.5335241978031455,
          -0.7410342971797483
        ],
        [
          0.912697944160789,
          0.21356705916740404,
          0.34838423323000156
        ]
      ],
      "tx": -0.06300580008201703,
      "ty": 0.0753554456054111,
      "tz": 0.0
    },
    {
      "R": [
        [
          -0.9059779816229914,
          0.34874382171547913,
          -0.23996175451436708
        ],
        [
          -0.14349822340996998,
          0.2802876478615901,
          0.9491296509615532
        ],
        [
          0.39826141752938304,
          0.8943246509358331,
          -0.2038903186421248
        ]
      ],
      "tx": -0.08980058325241691,
      "ty": -0.031667105427424694,
      "tz": 0.0
    },
    {
      "R": [
        [
          0.03172100236527409,
          -0.9664452990387957,
          -0.2549063788428116
        ],
        [
          -0.2692632033725353,
          0.23734274733147953,
          -0.9333626024213237
        ],
        [
          0.9625440796755766,
          0.0982441054463738,
          -0.2526994072540314
        ]
      ],
      "tx": 0.092051430775547,
      "ty": 0.05813384759131934,
      "tz": 0.0
    },
    {
      "R": [
        [
          -0.29833628444205607,
          -0.7982075133173397,
          -0.5233165648716438
        ],
        [
          0.9537142321248196,
          -0.22761899354879134,
          -0.19651655711008328
        ],
        [
          0.037744202573030294,
          -0.5577224753043255,
          0.8291688704434954
        ]
      ],
      "tx": 0.019213985380831536,
      "ty": -0.08266438994940538,
      "tz": 0.0
    },
    {
      "R": [
        [
          -0.481840492119864,
          -0.863750157588014,
          -0.14753103205891333
        ],
        [
          -0.22405003420797803,
          -0.041325314675676905,
          0.973701083771791
        ],
        [
          -0.8471312308757664,
          0.5022229421617825,
          -0.1736110423944044
        ]
      ],
      "tx": -0.047219021690528426,
      "ty": -0.09835356852649303,
      "tz": 0.0
    },
    {
      "R": [
        [
          -0.42202533355018534,
          0.8800336471608347,
          0.217796688924912
        ],
        [
          0.8433553579235639,
          0.2929479190600205,
          0.4504811394276363
        ],
        [
          0.3326354733089556,
          0.37379445766785185,
          -0.865812534740243
        ]
      ],
      "tx": -0.041595593814402136,
      "ty": 0.010204985321863758,
      "tz": 0.0
    },
    {
      "R": [
        [
          0.32326771882174155,
          0.9399901602708547,
          -0.10916263354170469
        ],
        [
          -0.6511340784198649,
          0.13724194052901706,
          -0.7464509774125445
        ],
        [
          -0.6866748822318323,
          0.31238301546947594,
          0.6564255157731884
        ]
      ],
      "tx": -0.09868692114085223,
      "ty": 0.026104438561827648,
      "tz": 0.0
    },
    {
      "R": [
        [
          0.61537069756662,
          -0.221903845229118,
          -0.7563581083381754
        ],
        [
          -0.4632541200119986,
          0.6745365937721477,
          -0.5748008385120688
        ],
        [
          0.6377417383771273,
          0.7041016028491912,
          0.31229218369488454
        ]
      ],
      "tx": 0.08369101740732088,
      "ty": 0.0007898124977161053,
      "tz": 0.0
    }
  ],
  "points_N": 18364
}