{
  "type": "scene",
  "distance_m": 0.5,
  "num_objects": 10,
  "intrinsics": {
    "width": 640,
    "height": 480,
    "fx": 554.2562584220408,
    "fy": 554.2562584220408,
    "cx": 0.03337471945512249,
    "cy": -0.09786735735804075
  },
  "T_wc": [
    [
      0.999999999999,
      0.0,
      0.0,
      0.0
    ],
    [
      -0.0,
      0.9999999999970001,
      0.0,
      0.0
    ],
    [
      0.0,
      0.0,
      -0.999999999998,
      0.5150141660124063
    ],
    [
      0.0,
      0.0,
      0.0,
      1.0
    ]
  ],
  "bin_size": {
    "w": 0.25,
    "d": 0.25
  },
  "z_floor": 0.0,
  "piece_aabb": {
    "w": 0.0300283320248127,
    "d": 0.0300283320248127,
    "h": 0.0300283320248127
  },
  "poses": [
    {
      "R": [
        [
          -0.06658185042880604,
          0.8812125152055732,
          -0.4680078634366559
        ],
        [
          0.3727155266841684,
          0.45706096115734707,
          0.807575639772811
        ],
        [
          0.9255538846345032,
          -0.120663916855825,
          -0.3588735512781509
        ]
      ],
      "tx": -0.011121019279447045,
      "ty": -0.05359205353266496,
      "tz": 0.0
    },
    {
      "R": [
        [
          -0.5667101142917061,
          -0.4933978540504716,
          -0.6598471065162527
        ],
        [
          -0.5724464368270638,
          0.8117859028324559,
          -0.11536344709869273
        ],
        [
          0.59257465632904,
          0.31234949268549156,
          -0.742491125263889
        ]
      ],
      "tx": -0.009524435049895308,
      "ty": 0.0921589329328627,
      "tz": 0.0
    },
    {
      "R": [
        [
          0.9856149253003368,
          -0.13072776412340015,
          -0.10711428808757624
        ],
        [
          -0.14708303979244192,
          -0.3513073975094432,
          -0.9246348965189215
        ],
        [
          0.08324541086826691,
          0.9270886495597055,
          -0.36548165128626464
        ]
      ],
      "tx": 0.08939682253552972,
      "ty": -0.07515740550095207,
      "tz": 0.0
    },
    {
      "R": [
        [
          0.4606061864731953,
          -0.1760779301550796,
          0.8699646564630789
        ],
        [
          -0.793133122366837,
          -0.5216575906005438,
          0.31434568292481335
        ],
        [
          0.39847432939557337,
          -0.834787350575665,
          -0.3799319519750999
        ]
      ],
      "tx": 0.050142494682784755,
      "ty": 0.010686869794872156,
      "tz": 0.0
    },
    {
      "R": [
        [
          0.18080738361942705,
          -0.3162200466236157,
          -0.9312967154146178
        ],
        [
          0.6801647154102175,
          0.7241663030432136,
          -0.11383815462164862
        ],
        [
          0.7104116060000957,
          -0.6128523865092498,
          0.34601633257735387
        ]
      ],
      "tx": -0.06621230868762992,
      "ty": -0.09297291442976846,
      "tz": 0.0
    },
    {
      "R": [
        [
          -0.7019438731203802,
          0.032090356120079405,
          0.7115089655323017
        ],
        [
          0.436382467489402,
          -0.7701377752294276,
          0.46525063055575616
        ],
        [
          0.562889990190464,
          0.6370698676038242,
          0.5265898239945632
        ]
      ],
      "tx": -0.04684330086715682,
      "ty": 0.04457140949618915,
      "tz": 0.0
    },
    {
      "R": [
        [
          -0.9957453643495717,
          0.05963371976681077,
          -0.07024947574973085
        ],
        [
          -0.0008410521801790818,
          -0.7682085023472998,
          -0.64019917959378
        ],
        [
          -0.09214370302722132,
          -0.6374162818661697,
          0.7649902101362729
        ]
      ],
      "tx": 0.0575089516339648,
      "ty": 0.07812098619437607,
      "tz": 0.0
    },
    {
      "R": [
        [
          0.05905728854904868,
          -0.3685115787581059,
          -0.9277453599940247
        ],
        [
          -0.28412354935940176,
          0.884724037444442,
          -0.3695093858989528
        ],
        [
          0.9569671077778222,
          0.28541652700783443,
          -0.05245341497115397
        ]
      ],
      "tx": -0.09798092659370228,
      "ty": 0.0896052350101133,
      "tz": 0.0
    },
    {
      "R": [
        [
          0.7484446806477223,
          -0.578966104949349,
          0.32346376818727085
        ],
        [
          0.22431026012961375,
          0.6799813499711544,
          0.6980761211300608
        ],
        [
          -0.6241117425675582,
          -0.4499151175623972,
          0.6387964619329856
        ]
      ],
      "tx": -0.0711215723406926,
      "ty": -0.026253119913909842,
      "tz": 0.0
    },
    {
      "R": [
        [
          0.8434833221415741,
          0.5367946479044226,
          -0.019682257243026552
        ],
        [
          -0.17489647199926864,
          0.30909666583897866,
          0.9348103953473323
        ],
        [
          0.50788493711787,
          -0.7850546204872586,
          0.35460137267131886
        ]
      ],
      "tx": 0.03337471945512249,
      "ty": -0.09786735735804075,
      "tz": 0.0
    }
  ],
  "points_N": 17170
}