{
  "type": "scene",
  "distance_m": 0.5,
  "num_objects": 11,
  "intrinsics": {
    "width": 640,
    "height": 480,
    "fx": 554.2562584220408,
    "fy": 554.2562584220408,
    "cx": 0.04177235160286347,
    "cy": -0.02338241794477261
  },
  "T_wc": [
    [
      0.999999999999,
      0.0,
      0.0,
      0.0
    ],
    [
      -0.0,
      0.9999999999970001,
      0.0,
      0.0
    ],
    [
      0.0,
      0.0,
      -0.999999999998,
      0.5150141660124063
    ],
    [
      0.0,
      0.0,
      0.0,
      1.0
    ]
  ],
  "bin_size": {
    "w": 0.25,
    "d": 0.25
  },
  "z_floor": 0.0,
  "piece_aabb": {
    "w": 0.0300283320248127,
    "d": 0.0300283320248127,
    "h": 0.0300283320248127
  },
  "poses": [
    {
      "R": [
        [
          0.1525338797873248,
          0.8419679056182824,
          -0.5175166291297213
        ],
        [
          -0.9785779596783885,
          0.2019327363299791,
          0.04010419965502218
        ],
        [
          0.13826999800646816,
          0.5003131178642538,
          0.8547328189231069
        ]
      ],
      "tx": -0.0030786641393497904,
      "ty": 0.020831841422873115,
      "tz": 0.0
    },
    {
      "R": [
        [
          0.9741530140939704,
          0.21590662535845892,
          -0.06640959462272665
        ],
        [
          -0.012723303957962173,
          -0.241080460356071,
          -0.9704217274829013
        ],
        [
          -0.22553053599906625,
          0.9461842002278559,
          -0.23210221147405496
        ]
      ],
      "tx": 0.06332567809634523,
      "ty": -0.07796935858866115,
      "tz": 0.0
    },
    {
      "R": [
        [
          -0.43880174314846854,
          -0.623496656964274,
          -0.6470741448738615
        ],
        [
          -0.7572048059961697,
          0.6442978548380153,
          -0.10733664810974233
        ],
        [
          0.48383252472954696,
          0.4428681440400811,
          -0.7548336869856336
        ]
      ],
      "tx": -0.08183827619495715,
      "ty": 0.081878141786837,
      "tz": 0.0
    },
    {
      "R": [
        [
          0.7399804031094757,
          -0.4368669355922298,
          -0.5114452889607964
        ],
        [
          -0.09159298961244092,
          0.687839876839581,
          -0.7200604336325983
        ],
        [
          0.6663630596512634,
          0.579675412981752,
          0.4689740806448073
        ]
      ],
      "tx": -0.08483239015988997,
      "ty": 0.02259070353308741,
      "tz": 0.0
    },
    {
      "R": [
        [
          -0.9717074475448158,
          -0.1115659946401244,
          0.20817700455597554
        ],
        [
          0.02613517132054099,
          0.825202154234608,
          0.5642325384685009
        ],
        [
          -0.2347372769842594,
          0.5537097014560265,
          -0.7989392826163282
        ]
      ],
      "tx": 0.06381933294221756,
      "ty": 0.046860102014724625,
      "tz": 0.0
    },
    {
      "R": [
        [
          0.24779501709100338,
          0.21953479582731758,
          0.9436112032643145
        ],
        [
          0.622267809096564,
          -0.7825819610823648,
          0.01866140269761285
        ],
        [
          0.7425499331809489,
          0.5825546734938604,
          -0.3305293468414421
        ]
      ],
      "tx": -0.08536995894560624,
      "ty": -0.050094672819757206,
      "tz": 0.0
    },
    {
      "R": [
        [
          0.043483038171149624,
          0.5895671384932861,
          -0.8065480857334204
        ],
        [
          -0.6451294292402387,
          0.6329986187338097,
          0.42792612470992336
        ],
        [
          0.7628350050434041,
          0.5017203781888149,
          0.4078718146556617
        ]
      ],
      "tx": 0.001583281911791426,
      "ty": -0.07212955025307521,
      "tz": 0.0
    },
    {
      "R": [
        [
          -0.8077659778217057,
          -0.5894771098324281,
          -0.005555362936043695
        ],
        [
          -0.008250749062966134,
          0.020727954366598356,
          -0.9997511075501123
        ],
        [
          0.5894455447398372,
          -0.8075190950630108,
          -0.021606964038768828
        ]
      ],
      "tx": 0.09575946667566926,
      "ty": -0.0032980761823445393,
      "tz": 0.0
    },
    {
      "R": [
        [
          -0.6295972046442013,
          0.04530492082565335,
          -0.775599654495274
        ],
        [
          0.6570791597556986,
          0.5637269405905024,
          -0.5004587038579879
        ],
        [
          0.4145531783968762,
          -0.8247177702714142,
          -0.38468982528732676
        ]
      ],
      "tx": -0.011824738353353723,
      "ty": 0.08034162590406399,
      "tz": 0.0
    },
    {
      "R": [
        [
          0.34398293255381573,
          -0.40855899213376357,
          -0.8454320150422032
        ],
        [
          -0.5370970553388047,
          -0.8241475192791077,
          0.17974320463504928
        ],
        [
          -0.7701964004447579,
          0.39225045113133455,
          -0.502928512145814
        ]
      ],
      "tx": 0.09300504832224746,
      "ty": 0.09895607082839791,
      "tz": 0.0
    },
    {
      "R": [
        [
          0.4974958548862881,
          -0.21246539047096924,
          0.8410447860982078
        ],
        [
          0.3442118857507377,
          -0.8415964520620396,
          -0.4162133942877244
        ],
        [
          0.7962512493421172,
          0.4965620502299851,
          -0.34555763367709247
        ]
      ],
      "tx": 0.04177235160286347,
      "ty": -0.02338241794477261,
      "tz": 0.0
    }
  ],
  "points_N": 19568
}