{
  "type": "scene",
  "distance_m": 0.5,
  "num_objects": 4,
  "intrinsics": {
    "width": 640,
    "height": 480,
    "fx": 554.2562584220408,
    "fy": 554.2562584220408,
    "cx": 0.046224650250073274,
    "cy": 0.014334950830884097
  },
  "T_wc": [
    [
      0.999999999999,
      0.0,
      0.0,
      0.0
    ],
    [
      -0.0,
      0.9999999999970001,
      0.0,
      0.0
    ],
    [
      0.0,
      0.0,
      -0.999999999998,
      0.5150141660124063
    ],
    [
      0.0,
      0.0,
      0.0,
      1.0
    ]
  ],
  "bin_size": {
    "w": 0.25,
    "d": 0.25
  },
  "z_floor": 0.0,
  "piece_aabb": {
    "w": 0.0300283320248127,
    "d": 0.0300283320248127,
    "h": 0.0300283320248127
  },
  "poses": [
    {
      "R": [
        [
          0.469490750329564,
          -0.24214677168548204,
          0.8490838452810665
        ],
        [
          -0.8257974482645255,
          0.21990247332576385,
          0.5193279086136329
        ],
        [
          -0.31246921415522083,
          -0.9449909222778337,
          -0.09672200896232397
        ]
      ],
      "tx": -0.08166620997518868,
      "ty": 0.06551366193662317,
      "tz": 0.0
    },
    {
      "R": [
        [
          -0.3566408215459256,
          0.1463407273935462,
          -0.9227089009611724
        ],
        [
          0.7712259634938491,
          0.6035369810629935,
          -0.2023700217975773
        ],
        [
          0.5272739682935534,
          -0.7837904719982858,
          -0.32810769324213207
        ]
      ],
      "tx": 0.04874366104174896,
      "ty": 0.08934006068330186,
      "tz": 0.0
    },
    {
      "R": [
        [
          -0.5424638691593455,
          -0.8127760907821313,
          0.21243346466503188
        ],
        [
          -0.6030834211184264,
          0.20073248233818852,
          -0.7720083274851662
        ],
        [
          0.5848276137707311,
          -0.546901724981066,
          -0.5990619044672822
        ]
      ],
      "tx": -0.013443620832147354,
      "ty": 0.06293892411100013,
      "tz": 0.0
    },
    {
      "R": [
        [
          0.7941199096766735,
          0.5763198372180054,
          -0.19294821658705166
        ],
        [
          -0.350725266414915,
          0.693838608521081,
          0.6289513278654532
        ],
        [
          0.4963520490068505,
          -0.4317909570087611,
          0.7531209815774351
        ]
      ],
      "tx": 0.046224650250073274,
      "ty": 0.014334950830884097,
      "tz": 0.0
    }
  ],
  "points_N": 6853
}