{
  "type": "scene",
  "distance_m": 0.5,
  "num_objects": 12,
  "intrinsics": {
    "width": 640,
    "height": 480,
    "fx": 554.2562584220408,
    "fy": 554.2562584220408,
    "cx": 0.09675567644979721,
    "cy": -0.09719376999168594
  },
  "T_wc": [
    [
      0.999999999999,
      0.0,
      0.0,
      0.0
    ],
    [
      -0.0,
      0.9999999999970001,
      0.0,
      0.0
    ],
    [
      0.0,
      0.0,
      -0.999999999998,
      0.5150141660124063
    ],
    [
      0.0,
      0.0,
      0.0,
      1.0
    ]
  ],
  "bin_size": {
    "w": 0.25,
    "d": 0.25
  },
  "z_floor": 0.0,
  "piece_aabb": {
    "w": 0.0300283320248127,
    "d": 0.0300283320248127,
    "h": 0.0300283320248127
  },
  "poses": [
    {
      "R": [
        [
          0.29398614280506263,
          0.6513917584357225,
          0.6994718899860226
        ],
        [
          0.38147217831604646,
          -0.750962948883301,
          0.5390117128368425
        ],
        [
          0.8763852606071212,
          0.10836709116015675,
          -0.46926053375931187
        ]
      ],
      "tx": 0.0630152921078671,
      "ty": 0.09156610714035229,
      "tz": 0.0
    },
    {
      "R": [
        [
          -0.4196378196975592,
          0.5327206913094198,
          0.7349236459186037
        ],
        [
          0.07388722838224746,
          0.8270231187627353,
          -0.5572911613456186
        ],
        [
          -0.9046793784327511,
          -0.1795589766142941,
          -0.3864114337797975
        ]
      ],
      "tx": 0.059786235420707295,
      "ty": -0.043896608056131665,
      "tz": 0.0
    },
    {
      "R": [
        [
          0.19236450142255068,
          0.672430426689762,
          -0.7147259753599824
        ],
        [
          0.6019094418396755,
          0.49438383221864857,
          0.6271280971739773
        ],
        [
          0.7750489806565155,
          -0.5508374966381898,
          -0.30964032340873926
        ]
      ],
      "tx": 0.02684843743844112,
      "ty": 0.01788349919907846,
      "tz": 0.0
    },
    {
      "R": [
        [
          -0.5285430190009164,
          0.2670949065642868,
          0.8057931421604504
        ],
        [
          -0.1055780547332871,
          -0.9625256835776297,
          0.24979508164123593
        ],
        [
          0.842315588971338,
          0.0469533741155158,
          0.5369355913282676
        ]
      ],
      "tx": -0.08540592650994211,
      "ty": -0.02700098898830959,
      "tz": 0.0
    },
    {
      "R": [
        [
          -0.9447452401568324,
          -0.22809101968882795,
          0.23543771562415383
        ],
        [
          0.06989622262013812,
          0.5615405132970985,
          0.8244918253017838
        ],
        [
          -0.3202669968392705,
          0.7953909344865214,
          -0.5145700264028337
        ]
      ],
      "tx": -0.023902236621160672,
      "ty": -0.04677845938575359,
      "tz": 0.0
    },
    {
      "R": [
        [
          -0.40701321295966064,
          -0.8964498015094975,
          0.17526550673146102
        ],
        [
          0.21129036657358918,
          0.09427402359863468,
          0.9728662752237441
        ],
        [
          -0.8886487638372382,
          0.43300134162391013,
          0.15104043393224809
        ]
      ],
      "tx": -0.08608751719012184,
      "ty": 0.06581512863331063,
      "tz": 0.0
    },
    {
      "R": [
        [
          0.0934733395957219,
          0.945968997781863,
          0.31049217384726524
        ],
        [
          -0.981709508463358,
          0.13952252008752453,
          -0.1295372818190118
        ],
        [
          -0.16585890322034155,
          -0.29270483703554306,
          0.9417083957354004
        ]
      ],
      "tx": 0.019191038277679234,
      "ty": -0.0988232774557631,
      "tz": 0.0
    },
    {
      "R": [
        [
          -0.12336784824769431,
          0.8096379687192854,
          0.5738176832643302
        ],
        [
          0.7510900509737397,
          -0.3017323101956866,
          0.5872149081147708
        ],
        [
          0.6485708206102081,
          0.5034321926457259,
          -0.5708869573399955
        ]
      ],
      "tx": -0.029264193288032703,
      "ty": 0.0888664775188128,
      "tz": 0.0
    },
    {
      "R": [
        [
          -0.9571369619329233,
          0.20795213929823153,
          -0.20160541625438444
        ],
        [
          -0.18651597796350422,
          -0.9750636501147385,
          -0.12026083397865275
        ],
        [
          -0.22158661075555153,
          -0.07750345789842145,
          0.9720558563928594
        ]
      ],
      "tx": -0.03268142907542812,
      "ty": 0.025015062122295526,
      "tz": 0.0
    },
    {
      "R": [
        [
          0.5793029969548847,
          0.814720425182816,
          0.025271852109021498
        ],
        [
          0.24896956311834867,
          -0.20638089644429058,
          0.9462669191214017
        ],
        [
          0.7761586141760892,
          -0.5418833401875189,
          -0.3223976601457743
        ]
      ],
      "tx": -0.09802442735932584,
      "ty": -0.08552495445826971,
      "tz": 0.0
    },
    {
      "R": [
        [
          0.5208314967596002,
          -0.44873159796880624,
          0.7262055528343998
        ],
        [
          0.2724669422949252,
          0.8935851629233823,
          0.35674545821866643
        ],
        [
          -0.8090094667799683,
          0.012062735492167131,
          0.5876718242972327
        ]
      ],
      "tx": 0.09809304196494167,
      "ty": 0.04037146980991424,
      "tz": 0.0
    },
    {
      "R": [
        [
          0.11830864618789483,
          -0.9925480136911998,
          0.029180554395711787
        ],
        [
          0.9833077570464875,
          0.12119705328915531,
          0.13570972406659468
        ],
        [
          -0.13823501426698356,
          0.012637831763368801,
          0.9903188204002424
        ]
      ],
      "tx": 0.09675567644979721,
      "ty": -0.09719376999168594,
      "tz": 0.0
    }
  ],
  "points_N": 19902
}