{
  "type": "scene",
  "distance_m": 0.5,
  "num_objects": 11,
  "intrinsics": {
    "width": 640,
    "height": 480,
    "fx": 554.2562584220408,
    "fy": 554.2562584220408,
    "cx": 0.04691850259549535,
    "cy": 0.046027054278079904
  },
  "T_wc": [
    [
      0.999999999999,
      0.0,
      0.0,
      0.0
    ],
    [
      -0.0,
      0.9999999999970001,
      0.0,
      0.0
    ],
    [
      0.0,
      0.0,
      -0.999999999998,
      0.5150141660124063
    ],
    [
      0.0,
      0.0,
      0.0,
      1.0
    ]
  ],
  "bin_size": {
    "w": 0.25,
    "d": 0.25
  },
  "z_floor": 0.0,
  "piece_aabb": {
    "w": 0.0300283320248127,
    "d": 0.0300283320248127,
    "h": 0.0300283320248127
  },
  "poses": [
    {
      "R": [
        [
          -0.04849385179115373,
          0.5218913688480911,
          0.8516324004289195
        ],
        [
          0.8872446146799469,
          -0.3690937180543321,
          0.27670710329563597
        ],
        [
          0.45874321799879536,
          0.7690248542242929,
          -0.44514653039804175
        ]
      ],
      "tx": -0.01755390795506391,
      "ty": -0.04860440599051478,
      "tz": 0.0
    },
    {
      "R": [
        [
          -0.792729112825056,
          0.09587319056037727,
          -0.6019874458918331
        ],
        [
          -0.33249915059944124,
          -0.8957125880845509,
          0.2952003970145117
        ],
        [
          -0.5109059292377112,
          0.43417426326147984,
          0.7419351997250851
        ]
      ],
      "tx": 0.003745012074734669,
      "ty": 0.008172134315024615,
      "tz": 0.0
    },
    {
      "R": [
        [
          0.48429279838826356,
          -0.6287415537129093,
          -0.6083950559167468
        ],
        [
          -0.24429645134557776,
          0.570545297563402,
          -0.7840901142650931
        ],
        [
          0.8401069749080903,
          0.5283579488026708,
          0.12271164837867576
        ]
      ],
      "tx": 0.09702135674505855,
      "ty": 0.0838495403523507,
      "tz": 0.0
    },
    {
      "R": [
        [
          -0.7868494042873699,
          0.39578591328206414,
          0.4735203541771928
        ],
        [
          0.4046926609137699,
          -0.24837193766606092,
          0.8800768323178034
        ],
        [
          0.4659311807285966,
          0.8841181433651777,
          0.03525965679593446
        ]
      ],
      "tx": 0.0980679734756888,
      "ty": 0.020093335134275192,
      "tz": 0.0
    },
    {
      "R": [
        [
          0.733991732632278,
          -0.5719902858008717,
          0.36617379668253647
        ],
        [
          0.6283636452256157,
          0.7765251722841813,
          -0.04655949063079648
        ],
        [
          -0.25771159420220713,
          0.2642645828681167,
          0.9293809576569219
        ]
      ],
      "tx": 0.05270247110158893,
      "ty": -0.07086234728093946,
      "tz": 0.0
    },
    {
      "R": [
        [
          0.060539674214519446,
          -0.9071150955102011,
          0.41650588392424737
        ],
        [
          0.9529120463165429,
          0.17673984946649823,
          0.24641764870921545
        ],
        [
          -0.2971423561709414,
          0.38197542997957123,
          0.875100674814677
        ]
      ],
      "tx": -0.07935570007905131,
      "ty": 0.03442744717017268,
      "tz": 0.0
    },
    {
      "R": [
        [
          -0.6686368410598549,
          0.5866690452293529,
          -0.4568853315080028
        ],
        [
          0.3692260901604675,
          -0.27138905581396466,
          -0.8888307345772979
        ],
        [
          -0.6454431571581749,
          -0.7629989592090438,
          -0.035152796810542286
        ]
      ],
      "tx": -0.006009910427384982,
      "ty": 0.07405692380016016,
      "tz": 0.0
    },
    {
      "R": [
        [
          -0.38774005572916903,
          0.30826597385271226,
          0.868694272196945
        ],
        [
          -0.6621476110249557,
          -0.7487792600749801,
          -0.029835564273352877
        ],
        [
          0.6412629650908314,
          -0.5867722804003307,
          0.49444929017717365
        ]
      ],
      "tx": -0.09796239109459755,
      "ty": -0.042228608917108855,
      "tz": 0.0
    },
    {
      "R": [
        [
          -0.035402053990828186,
          0.9633288307213264,
          0.26597792854730024
        ],
        [
          -0.7074249068924301,
          0.16383361740235125,
          -0.6875380330695144
        ],
        [
          -0.7059013356563841,
          -0.21249966990549013,
          0.675682761811037
        ]
      ],
      "tx": -0.05364249017027349,
      "ty": -0.09410981938507125,
      "tz": 0.0
    },
    {
      "R": [
        [
          -0.11303343648616604,
          0.8688765679668609,
          -0.48195119241916723
        ],
        [
          0.49909905981809194,
          0.46907484799358223,
          0.7286075181251526
        ],
        [
          0.8591411820677815,
          -0.15818437539127211,
          -0.4866766202081714
        ]
      ],
      "tx": -0.07222587912591263,
      "ty": 0.0960309971995105,
      "tz": 0.0
    },
    {
      "R": [
        [
          -0.6446451002862377,
          -0.7502595176272502,
          -0.14677653384200168
        ],
        [
          0.18392506429643962,
          -0.3385637662611185,
          0.9227925806478059
        ],
        [
          -0.7420271325231289,
          0.5678778322710023,
          0.3562450030732929
        ]
      ],
      "tx": 0.04691850259549535,
      "ty": 0.046027054278079904,
      "tz": 0.0
    }
  ],
  "points_N": 19513
}