{
  "type": "scene",
  "distance_m": 0.5,
  "num_objects": 11,
  "intrinsics": {
    "width": 640,
    "height": 480,
    "fx": 554.2562584220408,
    "fy": 554.2562584220408,
    "cx": 0.09482217906659587,
    "cy": 0.09563304615885335
  },
  "T_wc": [
    [
      0.999999999999,
      0.0,
      0.0,
      0.0
    ],
    [
      -0.0,
      0.9999999999970001,
      0.0,
      0.0
    ],
    [
      0.0,
      0.0,
      -0.999999999998,
      0.5150141660124063
    ],
    [
      0.0,
      0.0,
      0.0,
      1.0
    ]
  ],
  "bin_size": {
    "w": 0.25,
    "d": 0.25
  },
  "z_floor": 0.0,
  "piece_aabb": {
    "w": 0.0300283320248127,
    "d": 0.0300283320248127,
    "h": 0.0300283320248127
  },
  "poses": [
    {
      "R": [
        [
          -0.9370987638291923,
          -0.14805874998699256,
          -0.31610838866137103
        ],
        [
          -0.22774222292253074,
          0.9456234845912328,
          0.2322277013791397
        ],
        [
          0.26453617281593744,
          0.28961151900748666,
          -0.9198618273034664
        ]
      ],
      "tx": 0.06601731535747632,
      "ty": 0.045847012759623496,
      "tz": 0.0
    },
    {
      "R": [
        [
          0.28596069597572726,
          0.797548221973347,
          -0.5311716426770451
        ],
        [
          0.6703859243846737,
          -0.5625894481350915,
          -0.4838138332395625
        ],
        [
          -0.6846964237850114,
          -0.21773825220710685,
          -0.6955435721662662
        ]
      ],
      "tx": -0.044970385008180076,
      "ty": 0.09239326950663748,
      "tz": 0.0
    },
    {
      "R": [
        [
          0.26331520002723974,
          0.73656269009273,
          0.6230092366875277
        ],
        [
          -0.0019054245802402892,
          0.6461954235452505,
          -0.7631696036572365
        ],
        [
          -0.9647079738406767,
          0.19976705972841347,
          0.17155654186209512
        ]
      ],
      "tx": -0.08007379695837469,
      "ty": -0.03934943585096696,
      "tz": 0.0
    },
    {
      "R": [
        [
          0.8288811108780905,
          0.47236680256247154,
          0.2997093723366183
        ],
        [
          -0.5336501523578624,
          0.5068985279308914,
          0.6769574560265406
        ],
        [
          0.16784998932955858,
          -0.7210572003790008,
          0.6722372310900853
        ]
      ],
      "tx": -0.01242996287398107,
      "ty": -0.08491498799576562,
      "tz": 0.0
    },
    {
      "R": [
        [
          -0.2737514490574078,
          0.6315452372001076,
          0.7254038582119823
        ],
        [
          0.186278495916121,
          -0.7051197527363213,
          0.6841830575659538
        ],
        [
          0.9435891405151914,
          0.3224232430686868,
          0.07538425718194286
        ]
      ],
      "tx": 0.06186199151134156,
      "ty": -0.024322239029578627,
      "tz": 0.0
    },
    {
      "R": [
        [
          0.03332270594724829,
          0.20961239636457657,
          -0.9772165781231164
        ],
        [
          0.958685026621656,
          -0.2830853073402224,
          -0.028030849068948593
        ],
        [
          -0.2825112688014191,
          -0.9359088374721073,
          -0.21038543424348766
        ]
      ],
      "tx": -0.02359481626697342,
      "ty": 0.0015277538237856575,
      "tz": 0.0
    },
    {
      "R": [
        [
          -0.9087451031776996,
          -0.30437547133510906,
          -0.2855484370471711
        ],
        [
          0.17036181659936644,
          -0.895126961361965,
          0.4119764246748339
        ],
        [
          -0.3809976232150482,
          0.3257350080854458,
          0.8652962010849572
        ]
      ],
      "tx": 0.0952222399226097,
      "ty": -0.09172892068296777,
      "tz": 0.0
    },
    {
      "R": [
        [
          0.8484592496646812,
          0.5262682216056742,
          -0.05620196247861103
        ],
        [
          0.5196934304296388,
          -0.808311888985038,
          0.27667784243360277
        ],
        [
          0.10017804163947477,
          -0.26395766526744474,
          -0.9593178362356447
        ]
      ],
      "tx": -0.07600189178665162,
      "ty": 0.027214688010085364,
      "tz": 0.0
    },
    {
      "R": [
        [
          0.44404080639460064,
          0.7185032590076466,
          -0.5353324472249217
        ],
        [
          -0.6367275484304089,
          0.6733933289720536,
          0.37565869291916676
        ],
        [
          0.6304012938805204,
          0.17405312778380722,
          0.7565049354646931
        ]
      ],
      "tx": 0.008589938727909557,
      "ty": 0.06648122946152851,
      "tz": 0.0
    },
    {
      "R": [
        [
          -0.4805755694251528,
          -0.5445492890897753,
          -0.6873959512708164
        ],
        [
          0.42093696877264863,
          0.5444037328907647,
          -0.7255595385184423
        ],
        [
          0.769323852738354,
          -0.6380365564498802,
          -0.032406206834407314
        ]
      ],
      "tx": -0.09643222108689971,
      "ty": -0.09482707268846656,
      "tz": 0.0
    },
    {
      "R": [
        [
          0.4415144649528535,
          0.772093858615205,
          -0.45709523157223986
        ],
        [
          -0.7570465906167371,
          0.0471138924200345,
          -0.6516599886264371
        ],
        [
          -0.48160713955772105,
          0.633759697858516,
          0.6053124883044396
        ]
      ],
      "tx": 0.09482217906659587,
      "ty": 0.09563304615885335,
      "tz": 0.0
    }
  ],
  "points_N": 18135
}