{
  "type": "scene",
  "distance_m": 0.5,
  "num_objects": 11,
  "intrinsics": {
    "width": 640,
    "height": 480,
    "fx": 554.2562584220408,
    "fy": 554.2562584220408,
    "cx": 0.08836979115268997,
    "cy": -0.01345154219110252
  },
  "T_wc": [
    [
      0.999999999999,
      0.0,
      0.0,
      0.0
    ],
    [
      -0.0,
      0.9999999999970001,
      0.0,
      0.0
    ],
    [
      0.0,
      0.0,
      -0.999999999998,
      0.5150141660124063
    ],
    [
      0.0,
      0.0,
      0.0,
      1.0
    ]
  ],
  "bin_size": {
    "w": 0.25,
    "d": 0.25
  },
  "z_floor": 0.0,
  "piece_aabb": {
    "w": 0.0300283320248127,
    "d": 0.0300283320248127,
    "h": 0.0300283320248127
  },
  "poses": [
    {
      "R": [
        [
          -0.7977859626510255,
          -0.5559867177101057,
          0.23327307501492714
        ],
        [
          0.5457988652481627,
          -0.8303391569086598,
          -0.11242990348672316
        ],
        [
          0.2562053014494323,
          0.03762518085217944,
          0.9658898432404424
        ]
      ],
      "tx": -0.08073395064272766,
      "ty": 0.0030124854183514876,
      "tz": 0.0
    },
    {
      "R": [
        [
          0.004617184028988919,
          0.48347141801480015,
          0.8753479705662207
        ],
        [
          0.24738851330477746,
          0.8475951741642441,
          -0.4694479142762663
        ],
        [
          -0.9689053643656304,
          0.21871856047497007,
          -0.1156917724268347
        ]
      ],
      "tx": -0.09854726756756187,
      "ty": -0.05230562609472738,
      "tz": 0.0
    },
    {
      "R": [
        [
          -0.5326676828535448,
          -0.27487505744860763,
          0.8004429039201109
        ],
        [
          0.814958516116775,
          0.08850669492548013,
          0.5727208586755961
        ],
        [
          -0.22827123483299294,
          0.9573976539275582,
          0.17686711283284962
        ]
      ],
      "tx": -0.029042542204911898,
      "ty": -0.03392210321678285,
      "tz": 0.0
    },
    {
      "R": [
        [
          -0.3837820407677066,
          -0.2934976226811959,
          -0.8755401136810697
        ],
        [
          0.6879397781735095,
          0.5416131340370722,
          -0.4831087606793349
        ],
        [
          0.6159952977018222,
          -0.7877273376740372,
          -0.0059527044455864875
        ]
      ],
      "tx": 0.07750089969116589,
      "ty": 0.048073402215975086,
      "tz": 0.0
    },
    {
      "R": [
        [
          -0.8553337444260198,
          -0.18008749633984247,
          -0.4857701918687591
        ],
        [
          -0.31121963424925325,
          -0.570998773098041,
          0.7596727850715022
        ],
        [
          -0.4141817534657036,
          0.8009549892363359,
          0.4323477539128615
        ]
      ],
      "tx": 0.058756170958825016,
      "ty": -0.06313230989160776,
      "tz": 0.0
    },
    {
      "R": [
        [
          0.6228939675748522,
          0.0693505399901459,
          0.7792262879048255
        ],
        [
          0.4766373690696733,
          -0.8234825975209898,
          -0.30772265107791963
        ],
        [
          0.6203385556010517,
          0.5630869508194611,
          -0.5459974013231585
        ]
      ],
      "tx": -0.06816121014509481,
      "ty": 0.08833740588401387,
      "tz": 0.0
    },
    {
      "R": [
        [
          0.008852275114157981,
          -0.2808142943184773,
          0.9597212977378999
        ],
        [
          -0.8983107242720607,
          -0.4238445211103503,
          -0.11573100095714905
        ],
        [
          0.43927153320367696,
          -0.8611034514105453,
          -0.2560104804216765
        ]
      ],
      "tx": 0.008890668401812504,
      "ty": 0.08340434221065221,
      "tz": 0.0
    },
    {
      "R": [
        [
          -0.6263165709438039,
          0.41822471063048017,
          0.6578872581067716
        ],
        [
          0.6927614089802197,
          -0.08841911311762596,
          0.7157259885341828
        ],
        [
          0.3575041023386105,
          0.9040299507502744,
          -0.23435158407299195
        ]
      ],
      "tx": 0.02661711115568155,
      "ty": -0.0062980554685549694,
      "tz": 0.0
    },
    {
      "R": [
        [
          0.6180353237643935,
          0.7328493323909829,
          0.28454207877488313
        ],
        [
          0.5671353137401881,
          -0.16497716355930492,
          -0.8069325073466457
        ],
        [
          -0.5444170042240227,
          0.6600866545522767,
          -0.5175864507439538
        ]
      ],
      "tx": -0.025183618080387604,
      "ty": 0.026209382150022803,
      "tz": 0.0
    },
    {
      "R": [
        [
          -0.6506545380164264,
          0.46264179372446645,
          -0.6021721040184769
        ],
        [
          -0.6396514730827942,
          0.09346723167671023,
          0.7629612503828118
        ],
        [
          0.4092611209749129,
          0.8816044732770476,
          0.23511462641923686
        ]
      ],
      "tx": -0.04010682829357052,
      "ty": -0.09256226216312757,
      "tz": 0.0
    },
    {
      "R": [
        [
          -0.41653737228915944,
          0.19885264159820482,
          0.887104415734618
        ],
        [
          0.0016082611112050726,
          -0.9756224385947667,
          0.21944992778900335
        ],
        [
          0.9091171712065724,
          0.09283579180368152,
          0.4060633999482631
        ]
      ],
      "tx": 0.08836979115268997,
      "ty": -0.01345154219110252,
      "tz": 0.0
    }
  ],
  "points_N": 18299
}