{
  "type": "scene",
  "distance_m": 0.5,
  "num_objects": 12,
  "intrinsics": {
    "width": 640,
    "height": 480,
    "fx": 554.2562584220408,
    "fy": 554.2562584220408,
    "cx": 0.09859950948223645,
    "cy": -0.04662466634936399
  },
  "T_wc": [
    [
      0.999999999999,
      0.0,
      0.0,
      0.0
    ],
    [
      -0.0,
      0.9999999999970001,
      0.0,
      0.0
    ],
    [
      0.0,
      0.0,
      -0.999999999998,
      0.5150141660124063
    ],
    [
      0.0,
      0.0,
      0.0,
      1.0
    ]
  ],
  "bin_size": {
    "w": 0.25,
    "d": 0.25
  },
  "z_floor": 0.0,
  "piece_aabb": {
    "w": 0.0300283320248127,
    "d": 0.0300283320248127,
    "h": 0.0300283320248127
  },
  "poses": [
    {
      "R": [
        [
          -0.6832704620263172,
          0.6999076905359554,
          0.20801610622970626
        ],
        [
          0.3189451072314782,
          0.02982006198981657,
          0.9473039546397052
        ],
        [
          0.6568222699448033,
          0.713610530073337,
          -0.24360730094356198
        ]
      ],
      "tx": 0.026023969596771113,
      "ty": 0.04061043493714442,
      "tz": 0.0
    },
    {
      "R": [
        [
          0.573183521475843,
          -0.04282212560376142,
          -0.8183073482911707
        ],
        [
          0.6002537825347151,
          -0.6578640190977039,
          0.454873970380129
        ],
        [
          -0.5578136312975139,
          -0.7519183452579083,
          -0.3513726722488386
        ]
      ],
      "tx": -0.04083151246557509,
      "ty": 0.06926561819773674,
      "tz": 0.0
    },
    {
      "R": [
        [
          -0.03548437435823981,
          0.8897412197279744,
          -0.45508397147491464
        ],
        [
          0.4844133517877794,
          -0.38298606440076677,
          -0.7865528457036698
        ],
        [
          -0.8741193075239406,
          -0.24835908759654524,
          -0.41741250558898946
        ]
      ],
      "tx": -0.07745125693576055,
      "ty": 0.009152809946592025,
      "tz": 0.0
    },
    {
      "R": [
        [
          0.8815230603461348,
          0.45514519975375545,
          0.12553860449717824
        ],
        [
          0.16403004363910725,
          -0.5445620927717976,
          0.8225243290625227
        ],
        [
          0.4427315652421199,
          -0.7044820609902814,
          -0.5547015295464295
        ]
      ],
      "tx": 0.013433735602215793,
      "ty": -0.026265180900835197,
      "tz": 0.0
    },
    {
      "R": [
        [
          0.05202065635857234,
          0.47587727045987155,
          0.8779719100128919
        ],
        [
          -0.02057874506615498,
          0.8794864253696298,
          -0.4754788563564659
        ],
        [
          -0.998433957036481,
          0.006667162080886246,
          0.055544418137754126
        ]
      ],
      "tx": 0.06262135718692893,
      "ty": 0.09336115901851522,
      "tz": 0.0
    },
    {
      "R": [
        [
          -0.553099160256296,
          -0.5163264191816819,
          0.6538259307941235
        ],
        [
          0.11027213494574076,
          0.7325198787085958,
          0.6717549281927543
        ],
        [
          -0.8257853081632588,
          0.44364586795299504,
          -0.3482197132127145
        ]
      ],
      "tx": 0.07631498591447342,
      "ty": 0.012298476611345727,
      "tz": 0.0
    },
    {
      "R": [
        [
          -0.1684269381059984,
          0.9632979902637122,
          0.20901997147194074
        ],
        [
          -0.9830429271625121,
          -0.14855027671979482,
          -0.10751473686073117
        ],
        [
          -0.07251875533955375,
          -0.22358398252192652,
          0.9719831443413187
        ]
      ],
      "tx": 0.06084714482784093,
      "ty": -0.09180090300403107,
      "tz": 0.0
    },
    {
      "R": [
        [
          -0.4544885424751748,
          -0.8598351758987302,
          0.23264486894404174
        ],
        [
          0.7726658327383169,
          -0.2506021572863917,
          0.5832547210972315
        ],
        [
          -0.44320161966941624,
          0.44483932947819016,
          0.7782610714097167
        ]
      ],
      "tx": 0.003537953509583261,
      "ty": -0.08289422550805453,
      "tz": 0.0
    },
    {
      "R": [
        [
          0.7702398439255348,
          0.31145069404865366,
          -0.5565330610181032
        ],
        [
          -0.5160003721616218,
          0.8171802287264941,
          -0.2568269645258898
        ],
        [
          0.37479887774463205,
          0.484989627677878,
          0.7901334458724283
        ]
      ],
      "tx": -0.06991867487027725,
      "ty": -0.0952920059387621,
      "tz": 0.0
    },
    {
      "R": [
        [
          -0.5368196926548441,
          0.35682513915964137,
          0.7645262831594879
        ],
        [
          0.7592251499731133,
          -0.19090719907124276,
          0.62219901397469
        ],
        [
          0.3679698210808362,
          0.914456265442189,
          -0.168427875861634
        ]
      ],
      "tx": -0.09811605292485547,
      "ty": 0.0947554675952057,
      "tz": 0.0
    },
    {
      "R": [
        [
          -0.9001737416907956,
          -0.04285906682737544,
          -0.4334170453051885
        ],
        [
          0.04953925375336458,
          -0.9987636589754085,
          -0.00412502698341276
        ],
        [
          -0.43270439922417364,
          -0.0251843979626414,
          0.9011840261518766
        ]
      ],
      "tx": -0.045912710661673885,
      "ty": -0.04323856734209066,
      "tz": 0.0
    },
    {
      "R": [
        [
          -0.025760315023608316,
          0.06017523784423892,
          -0.9978553737492591
        ],
        [
          -0.28164287012402023,
          -0.9581888097523705,
          -0.05051236060252422
        ],
        [
          -0.9591734461911404,
          0.2797376371097111,
          0.041631172288164486
        ]
      ],
      "tx": 0.09859950948223645,
      "ty": -0.04662466634936399,
      "tz": 0.0
    }
  ],
  "points_N": 20567
}