{
  "type": "scene",
  "distance_m": 0.5,
  "num_objects": 9,
  "intrinsics": {
    "width": 640,
    "height": 480,
    "fx": 554.2562584220408,
    "fy": 554.2562584220408,
    "cx": 0.06020776908971917,
    "cy": 0.09520275916674173
  },
  "T_wc": [
    [
      0.999999999999,
      0.0,
      0.0,
      0.0
    ],
    [
      -0.0,
      0.9999999999970001,
      0.0,
      0.0
    ],
    [
      0.0,
      0.0,
      -0.999999999998,
      0.5150141660124063
    ],
    [
      0.0,
      0.0,
      0.0,
      1.0
    ]
  ],
  "bin_size": {
    "w": 0.25,
    "d": 0.25
  },
  "z_floor": 0.0,
  "piece_aabb": {
    "w": 0.0300283320248127,
    "d": 0.0300283320248127,
    "h": 0.0300283320248127
  },
  "poses": [
    {
      "R": [
        [
          -0.49255935320672384,
          0.8699659754505834,
          0.023334205083714754
        ],
        [
          -0.33254676067507194,
          -0.21292440962719872,
          0.9187360054713352
        ],
        [
          0.8042374870230126,
          0.4447722983091728,
          0.39418227652151716
        ]
      ],
      "tx": -0.07212174526372647,
      "ty": 0.09145269794870164,
      "tz": 0.0
    },
    {
      "R": [
        [
          0.7476176742697722,
          0.5991208543101039,
          0.2865693895903538
        ],
        [
          0.6590619547013485,
          -0.6160887262105232,
          -0.43136066267281736
        ],
        [
          -0.08188499853266262,
          0.5113598374599103,
          -0.8554565819772968
        ]
      ],
      "tx": -0.010583483360110654,
      "ty": 0.05187384145562185,
      "tz": 0.0
    },
    {
      "R": [
        [
          0.2822448026253539,
          -0.9413031883141942,
          -0.1851652749856395
        ],
        [
          -0.184021063344952,
          -0.24255064312880203,
          0.9525258178984953
        ],
        [
          -0.9415275458723277,
          -0.23477115067089682,
          -0.24167827204011294
        ]
      ],
      "tx": -0.01857848697431172,
      "ty": -0.05838886754011697,
      "tz": 0.0
    },
    {
      "R": [
        [
          -0.6350971979347286,
          0.7137679618475471,
          -0.2952741875197594
        ],
        [
          -0.7242403058577876,
          -0.4173396184875189,
          0.5489113063252657
        ],
        [
          0.26856568758215105,
          0.5624615004430884,
          0.7819907492885296
        ]
      ],
      "tx": 0.07463926762337525,
      "ty": -0.03188209646460413,
      "tz": 0.0
    },
    {
      "R": [
        [
          0.1203438897606317,
          0.293091309370052,
          0.948480275266191
        ],
        [
          0.8546761756161618,
          0.4554524803518091,
          -0.24918200772832044
        ],
        [
          -0.5050207748513053,
          0.8406310263802625,
          -0.19568723631206497
        ]
      ],
      "tx": -0.08666977055899927,
      "ty": 0.02657650904918632,
      "tz": 0.0
    },
    {
      "R": [
        [
          -0.08480937829088697,
          -0.9010173724464275,
          0.42541164053613867
        ],
        [
          -0.9923417892201273,
          0.037897528852472995,
          -0.11756509122300118
        ],
        [
          0.0898061396637769,
          -0.43212437082003563,
          -0.8973312573526449
        ]
      ],
      "tx": 0.07074633926015292,
      "ty": 0.029765680726704546,
      "tz": 0.0
    },
    {
      "R": [
        [
          0.8571774910803107,
          -0.4027916088715499,
          -0.3209449619606643
        ],
        [
          0.45361110873173,
          0.2953452483195905,
          0.8408377645718643
        ],
        [
          -0.24389282650466487,
          -0.8663314054781275,
          0.435874047245139
        ]
      ],
      "tx": -0.08230036075663708,
      "ty": -0.07733402304167442,
      "tz": 0.0
    },
    {
      "R": [
        [
          0.9256681380859897,
          -0.3583516938875748,
          -0.1213365634107176
        ],
        [
          -0.10925779012805502,
          -0.5602447991042263,
          0.8210898247895897
        ],
        [
          -0.3622171081392362,
          -0.7467997245343434,
          -0.5577534742219701
        ]
      ],
      "tx": 0.04592163816601216,
      "ty": -0.09408505449962294,
      "tz": 0.0
    },
    {
      "R": [
        [
          0.20585511048619687,
          0.9438918488098562,
          0.258247654852909
        ],
        [
          0.7562890168635465,
          0.01401707331436608,
          -0.6540874900403385
        ],
        [
          -0.6210077265689098,
          0.32995711752591617,
          -0.7109695521860995
        ]
      ],
      "tx": 0.06020776908971917,
      "ty": 0.09520275916674173,
      "tz": 0.0
    }
  ],
  "points_N": 15235
}