{
  "type": "scene",
  "distance_m": 0.5,
  "num_objects": 12,
  "intrinsics": {
    "width": 640,
    "height": 480,
    "fx": 554.2562584220408,
    "fy": 554.2562584220408,
    "cx": 0.027364785006364467,
    "cy": -0.02772509993547398
  },
  "T_wc": [
    [
      0.999999999999,
      0.0,
      0.0,
      0.0
    ],
    [
      -0.0,
      0.9999999999970001,
      0.0,
      0.0
    ],
    [
      0.0,
      0.0,
      -0.999999999998,
      0.5150141660124063
    ],
    [
      0.0,
      0.0,
      0.0,
      1.0
    ]
  ],
  "bin_size": {
    "w": 0.25,
    "d": 0.25
  },
  "z_floor": 0.0,
  "piece_aabb": {
    "w": 0.0300283320248127,
    "d": 0.0300283320248127,
    "h": 0.0300283320248127
  },
  "poses": [
    {
      "R": [
        [
          -0.3268548435561833,
          -0.7887499665390533,
          -0.5206144461388922
        ],
        [
          0.8942124205544656,
          -0.07982738628862318,
          -0.4404676325502824
        ],
        [
          0.3058595399362043,
          -0.6095088831862663,
          0.7314019846480073
        ]
      ],
      "tx": -0.09561985482382755,
      "ty": 0.0914491326036474,
      "tz": 0.0
    },
    {
      "R": [
        [
          0.34119799375790294,
          0.7273810011900425,
          0.5953997045375093
        ],
        [
          -0.7837657832900297,
          -0.12953939921533797,
          0.6073966916231069
        ],
        [
          0.5189365336911137,
          -0.673896448394485,
          0.5258977570231222
        ]
      ],
      "tx": -0.09370675593385223,
      "ty": -0.014306816028451005,
      "tz": 0.0
    },
    {
      "R": [
        [
          -0.5367828761471745,
          0.41478243885602656,
          -0.7347242151255211
        ],
        [
          -0.8416956951484196,
          -0.20296268247729388,
          0.5003543807045558
        ],
        [
          0.05841661273803217,
          0.8869958725598825,
          0.458067485658988
        ]
      ],
      "tx": -0.035277454131967895,
      "ty": 0.080568964367908,
      "tz": 0.0
    },
    {
      "R": [
        [
          0.012252301374013452,
          0.04349903092900352,
          0.9989783358107811
        ],
        [
          0.13137979632799252,
          0.9903223040806631,
          -0.04473346797624476
        ],
        [
          -0.9912563897538595,
          0.1317936582260471,
          0.006418833503086141
        ]
      ],
      "tx": -0.010306239917348484,
      "ty": -0.0710393377704667,
      "tz": 0.0
    },
    {
      "R": [
        [
          -0.465623647155754,
          0.7557556690264969,
          0.4604649692904837
        ],
        [
          0.6942986358341118,
          -0.010681096122185041,
          0.719607753199283
        ],
        [
          0.548765909553669,
          0.6547665865939867,
          -0.5197467590969604
        ]
      ],
      "tx": 0.08025367239023809,
      "ty": -0.0006968842332372993,
      "tz": 0.0
    },
    {
      "R": [
        [
          -0.6966896781194774,
          0.44951509969841136,
          0.5590703601022922
        ],
        [
          0.12782191795811554,
          0.8446451084749744,
          -0.5198424742350392
        ],
        [
          -0.7058930865869761,
          -0.29070744034583273,
          -0.6459134109432054
        ]
      ],
      "tx": 0.003849618662259774,
      "ty": 0.038273028583834245,
      "tz": 0.0
    },
    {
      "R": [
        [
          0.9738955705679199,
          0.16482652821631183,
          -0.15607572913282536
        ],
        [
          0.1803249993732678,
          -0.9793980201272432,
          0.09089781500051104
        ],
        [
          -0.13787788883362223,
          -0.11666933516135898,
          -0.983553737222217
        ]
      ],
      "tx": 0.08651076847512673,
      "ty": -0.07821326298186246,
      "tz": 0.0
    },
    {
      "R": [
        [
          -0.3435353697595753,
          -0.9383105535190847,
          0.03945573315578971
        ],
        [
          0.7671409790784974,
          -0.3046055122828173,
          -0.5645442410523791
        ],
        [
          0.5417362531182828,
          -0.16367280483217533,
          0.8244592439992
        ]
      ],
      "tx": 0.09499429286146388,
      "ty": 0.05970433458673158,
      "tz": 0.0
    },
    {
      "R": [
        [
          0.3330944766871272,
          0.1490041952059203,
          0.9310455517382407
        ],
        [
          -0.10505517990349206,
          0.9871512741303428,
          -0.12039838519799967
        ],
        [
          -0.9370226671623124,
          -0.05770712082470403,
          0.3444682996012104
        ]
      ],
      "tx": -0.06643172379642001,
      "ty": -0.09495246249353997,
      "tz": 0.0
    },
    {
      "R": [
        [
          -0.3967454350779296,
          -0.9160877547870446,
          0.05810581101797013
        ],
        [
          0.6795105111922454,
          -0.3356659883765756,
          -0.6523755125895131
        ],
        [
          0.6171373630919439,
          -0.21934349722845273,
          0.7556652071516288
        ]
      ],
      "tx": -0.029822532931579313,
      "ty": -0.012660474271778466,
      "tz": 0.0
    },
    {
      "R": [
        [
          -0.4510629968892981,
          -0.46547246885529414,
          -0.7614969163266535
        ],
        [
          -0.8091350763297832,
          -0.1467731988265093,
          0.5689974133148848
        ],
        [
          -0.3766199690537412,
          0.8728075439889319,
          -0.31042614269092716
        ]
      ],
      "tx": 0.04496226699065753,
      "ty": 0.08800528637738114,
      "tz": 0.0
    },
    {
      "R": [
        [
          0.17656491329338853,
          0.8829873752103354,
          0.43492312724533355
        ],
        [
          -0.052133719646177135,
          0.44963446549631647,
          -0.8916899252058956
        ],
        [
          -0.9829073744099961,
          0.1347669939451202,
          0.12542308668440572
        ]
      ],
      "tx": 0.027364785006364467,
      "ty": -0.02772509993547398,
      "tz": 0.0
    }
  ],
  "points_N": 20060
}