{
  "type": "scene",
  "distance_m": 0.5,
  "num_objects": 11,
  "intrinsics": {
    "width": 640,
    "height": 480,
    "fx": 554.2562584220408,
    "fy": 554.2562584220408,
    "cx": -0.08992867043532073,
    "cy": -0.03050888179861154
  },
  "T_wc": [
    [
      0.999999999999,
      0.0,
      0.0,
      0.0
    ],
    [
      -0.0,
      0.9999999999970001,
      0.0,
      0.0
    ],
    [
      0.0,
      0.0,
      -0.999999999998,
      0.5150141660124063
    ],
    [
      0.0,
      0.0,
      0.0,
      1.0
    ]
  ],
  "bin_size": {
    "w": 0.25,
    "d": 0.25
  },
  "z_floor": 0.0,
  "piece_aabb": {
    "w": 0.0300283320248127,
    "d": 0.0300283320248127,
    "h": 0.0300283320248127
  },
  "poses": [
    {
      "R": [
        [
          -0.5100951184324207,
          -0.04760823020252721,
          -0.858799409972083
        ],
        [
          0.14189248952927158,
          0.9801290330383945,
          -0.1386131307286841
        ],
        [
          0.8483333611067057,
          -0.1925630676225451,
          -0.4932037848812547
        ]
      ],
      "tx": 0.07283592221565227,
      "ty": -0.012393417800991291,
      "tz": 0.0
    },
    {
      "R": [
        [
          -0.2577769014160478,
          -0.8562162841358751,
          0.44771055814766625
        ],
        [
          -0.8617805292284926,
          -0.0057851167555920124,
          -0.507248313813642
        ],
        [
          0.4369043242393006,
          -0.5165851403250755,
          -0.7363792530050812
        ]
      ],
      "tx": -0.0031808759207605786,
      "ty": 0.00513077649506212,
      "tz": 0.0
    },
    {
      "R": [
        [
          -0.590338142907846,
          0.5454550905491967,
          0.5949618653511194
        ],
        [
          -0.298612115636099,
          0.5372220722398902,
          -0.7888112888984358
        ],
        [
          -0.7498877792199637,
          -0.6433282127283444,
          -0.15426318188182608
        ]
      ],
      "tx": -0.06316151685096086,
      "ty": 0.027647860375345806,
      "tz": 0.0
    },
    {
      "R": [
        [
          -0.4948161370554536,
          0.015127910467902572,
          0.8688660062601103
        ],
        [
          -0.23106613593649647,
          -0.9661451005813855,
          -0.11476970613346418
        ],
        [
          0.8377144091711062,
          -0.25755541335304977,
          0.4815597343213448
        ]
      ],
      "tx": 0.06636536127438714,
      "ty": 0.07781431138192005,
      "tz": 0.0
    },
    {
      "R": [
        [
          -0.0909742626949448,
          0.7958659874024364,
          0.5985992095075432
        ],
        [
          -0.49569004260033156,
          -0.5575269638546745,
          0.6659242195939934
        ],
        [
          0.8637216364049196,
          -0.23613770277304877,
          0.44522344966889926
        ]
      ],
      "tx": -0.08799000485283244,
      "ty": -0.09266905257216462,
      "tz": 0.0
    },
    {
      "R": [
        [
          -0.18934393562264162,
          -0.4212833530294251,
          -0.886943747090656
        ],
        [
          -0.47958226112358837,
          -0.7485367435764894,
          0.45792313583339633
        ],
        [
          -0.8568253782764113,
          0.5120674564705217,
          -0.06030913003265015
        ]
      ],
      "tx": 0.03353888522671236,
      "ty": -0.09627607150135327,
      "tz": 0.0
    },
    {
      "R": [
        [
          0.20899301091462263,
          0.9758347610413272,
          -0.06378432826530767
        ],
        [
          0.34695829894540803,
          -0.013009921937074065,
          0.937790318101067
        ],
        [
          0.9142985618394844,
          -0.21812212422083055,
          -0.34129295150009087
        ]
      ],
      "tx": -0.00679171497207047,
      "ty": 0.0921897201726834,
      "tz": 0.0
    },
    {
      "R": [
        [
          0.17661256456150276,
          -0.9611888003781346,
          -0.21195304212643828
        ],
        [
          0.9731784458399007,
          0.13827239706688654,
          0.18385988350375104
        ],
        [
          -0.14741680566219262,
          -0.2387400976732228,
          0.9598288655647607
        ]
      ],
      "tx": -0.020932421181844116,
      "ty": -0.05979381353773147,
      "tz": 0.0
    },
    {
      "R": [
        [
          0.07217656223390512,
          0.5072262733140498,
          -0.8587852185057894
        ],
        [
          0.37581165631881336,
          0.7837398156850961,
          0.4944871083100164
        ],
        [
          0.9238810220147426,
          -0.3584318749355764,
          -0.13405390032058762
        ]
      ],
      "tx": -0.07779405250950137,
      "ty": 0.08577617811796037,
      "tz": 0.0
    },
    {
      "R": [
        [
          -0.3192647211662232,
          0.7509513796647188,
          -0.578050225498018
        ],
        [
          -0.6524487634361759,
          0.26820577436029613,
          0.7087850687552605
        ],
        [
          0.687299533616355,
          0.6034382221731148,
          0.4043286572966249
        ]
      ],
      "tx": 0.09261071497601067,
      "ty": -0.0865961633018294,
      "tz": 0.0
    },
    {
      "R": [
        [
          -0.1308377924893982,
          0.8351037187417025,
          0.5343063269326691
        ],
        [
          0.42171540235167804,
          0.5346304351318291,
          -0.7323431007732055
        ],
        [
          -0.8972388709122356,
          0.12950705299145066,
          -0.4221259666848345
        ]
      ],
      "tx": -0.08992867043532073,
      "ty": -0.03050888179861154,
      "tz": 0.0
    }
  ],
  "points_N": 18678
}