{
  "type": "scene",
  "distance_m": 0.5,
  "num_objects": 5,
  "intrinsics": {
    "width": 640,
    "height": 480,
    "fx": 554.2562584220408,
    "fy": 554.2562584220408,
    "cx": 0.008679418129128869,
    "cy": -0.03911337941829632
  },
  "T_wc": [
    [
      0.999999999999,
      0.0,
      0.0,
      0.0
    ],
    [
      -0.0,
      0.9999999999970001,
      0.0,
      0.0
    ],
    [
      0.0,
      0.0,
      -0.999999999998,
      0.5150141660124063
    ],
    [
      0.0,
      0.0,
      0.0,
      1.0
    ]
  ],
  "bin_size": {
    "w": 0.25,
    "d": 0.25
  },
  "z_floor": 0.0,
  "piece_aabb": {
    "w": 0.0300283320248127,
    "d": 0.0300283320248127,
    "h": 0.0300283320248127
  },
  "poses": [
    {
      "R": [
        [
          0.7433417090602956,
          -0.28525012799634014,
          0.6050417076940982
        ],
        [
          -0.6051265582996048,
          0.0987148351728111,
          0.7899855883225211
        ],
        [
          -0.2850700826319623,
          -0.9533560435613111,
          -0.09923357392198429
        ]
      ],
      "tx": 0.03195663117886868,
      "ty": 0.022153190586403096,
      "tz": 0.0
    },
    {
      "R": [
        [
          -0.17791432926583384,
          0.9806285696824664,
          -0.08193961047264814
        ],
        [
          -0.6181088108189781,
          -0.1761568164694114,
          -0.7661006944255511
        ],
        [
          -0.7656944491308775,
          -0.08565269601059239,
          0.637475980909304
        ]
      ],
      "tx": -0.0633352292460322,
      "ty": 0.04868204959343225,
      "tz": 0.0
    },
    {
      "R": [
        [
          0.16991228706771977,
          0.7982893232892564,
          -0.5778096321677217
        ],
        [
          -0.9255303571111902,
          0.330621573779197,
          0.1846156358963125
        ],
        [
          0.3384130209803541,
          0.5034118902788731,
          0.795017670216708
        ]
      ],
      "tx": -0.05511212155873927,
      "ty": -0.029357144154853493,
      "tz": 0.0
    },
    {
      "R": [
        [
          -0.09619352422425287,
          -0.5952736422833739,
          0.7977443805505644
        ],
        [
          -0.9702171749464347,
          -0.12293467472950548,
          -0.20872397846943724
        ],
        [
          0.2223183288356529,
          -0.7940631943062444,
          -0.5657191919246563
        ]
      ],
      "tx": 0.06956915215950668,
      "ty": -0.07912727680116245,
      "tz": 0.0
    },
    {
      "R": [
        [
          -0.013464756426603053,
          0.8544789532449999,
          0.5193114853300486
        ],
        [
          0.7524706512852091,
          0.35068146700237135,
          -0.5575037467636229
        ],
        [
          -0.658488131471468,
          0.38325999942910016,
          -0.6476921749942797
        ]
      ],
      "tx": 0.008679418129128869,
      "ty": -0.03911337941829632,
      "tz": 0.0
    }
  ],
  "points_N": 8640
}