{
  "type": "scene",
  "distance_m": 0.5,
  "num_objects": 12,
  "intrinsics": {
    "width": 640,
    "height": 480,
    "fx": 554.2562584220408,
    "fy": 554.2562584220408,
    "cx": 0.09677256724974895,
    "cy": 0.010374816256994254
  },
  "T_wc": [
    [
      0.999999999999,
      0.0,
      0.0,
      0.0
    ],
    [
      -0.0,
      0.9999999999970001,
      0.0,
      0.0
    ],
    [
      0.0,
      0.0,
      -0.999999999998,
      0.5150141660124063
    ],
    [
      0.0,
      0.0,
      0.0,
      1.0
    ]
  ],
  "bin_size": {
    "w": 0.25,
    "d": 0.25
  },
  "z_floor": 0.0,
  "piece_aabb": {
    "w": 0.0300283320248127,
    "d": 0.0300283320248127,
    "h": 0.0300283320248127
  },
  "poses": [
    {
      "R": [
        [
          0.23675468122150878,
          0.9654677412882967,
          -0.10871642677800025
        ],
        [
          -0.5495460576155772,
          0.22535156508062737,
          0.8044972359647288
        ],
        [
          0.8012155462039403,
          -0.13072380291051167,
          0.5839220289334315
        ]
      ],
      "tx": 0.054013096714169345,
      "ty": 0.05020028668409432,
      "tz": 0.0
    },
    {
      "R": [
        [
          0.6605869406941851,
          -0.021004941081475156,
          0.750455652410228
        ],
        [
          -0.07738968734578612,
          -0.9961885580063312,
          0.04023919966634139
        ],
        [
          0.7467501122040884,
          -0.08465901811047642,
          -0.659694717710966
        ]
      ],
      "tx": -0.0893509328535193,
      "ty": 0.07657308160925078,
      "tz": 0.0
    },
    {
      "R": [
        [
          0.2444739434745723,
          -0.05848236704627602,
          -0.9678906465642987
        ],
        [
          -0.7377502800490943,
          0.6365429726626689,
          -0.2248056232420707
        ],
        [
          0.629251154348941,
          0.7690207127889583,
          0.11247278805154548
        ]
      ],
      "tx": -0.016270431960159967,
      "ty": 0.08962506957630251,
      "tz": 0.0
    },
    {
      "R": [
        [
          -0.9489706869885783,
          -0.3140285346308615,
          -0.028995080169217452
        ],
        [
          -0.2531412002046837,
          0.7036741651842535,
          0.6638992408575086
        ],
        [
          -0.1880802169165002,
          0.6373607680818123,
          -0.7472597161059897
        ]
      ],
      "tx": 0.04530499902495014,
      "ty": -0.018603842885235936,
      "tz": 0.0
    },
    {
      "R": [
        [
          -0.07474575099038172,
          -0.9572495733694649,
          0.27943930824574664
        ],
        [
          0.5487678936300168,
          -0.2734609049568997,
          -0.7899828684098333
        ],
        [
          0.832626489867911,
          0.09429945781461857,
          0.5457478727637063
        ]
      ],
      "tx": 0.08460539001686557,
      "ty": -0.0628768760286529,
      "tz": 0.0
    },
    {
      "R": [
        [
          -0.2490928616423409,
          -0.8772034628868706,
          -0.41044711106074644
        ],
        [
          0.6856259738572488,
          -0.4590452380923713,
          0.5649730023257905
        ],
        [
          -0.6840100658989816,
          -0.1406824583379226,
          0.7157783704924798
        ]
      ],
      "tx": 0.003919919977442732,
      "ty": -0.06594808645975683,
      "tz": 0.0
    },
    {
      "R": [
        [
          0.15912771346589205,
          -0.12092385495077335,
          0.9798243679920199
        ],
        [
          -0.1804116520825984,
          0.9721967296053572,
          0.14928213134020935
        ],
        [
          -0.9706338169464036,
          -0.20052665720171065,
          0.13288737017325314
        ]
      ],
      "tx": -0.05013316886164936,
      "ty": -0.03147543115536691,
      "tz": 0.0
    },
    {
      "R": [
        [
          -0.49885920726340505,
          -0.3880634601262055,
          -0.7749491868783421
        ],
        [
          0.8660499830206912,
          -0.2573741714333646,
          -0.4286210013390026
        ],
        [
          -0.03311975601340067,
          -0.8849662630823085,
          0.4644758281845752
        ]
      ],
      "tx": -0.09666807763282857,
      "ty": -0.09314291765712424,
      "tz": 0.0
    },
    {
      "R": [
        [
          -0.2529796021699646,
          -0.8093537526210821,
          0.5300451150648393
        ],
        [
          0.9477203075095033,
          -0.09717469419775182,
          0.3039462083028282
        ],
        [
          -0.19449303231740517,
          0.5792267103006783,
          0.7916242027971574
        ]
      ],
      "tx": -0.035470684181777706,
      "ty": 0.027174492400030198,
      "tz": 0.0
    },
    {
      "R": [
        [
          0.051793184528741265,
          0.47008743015688415,
          0.8810989013980598
        ],
        [
          -0.8719284726831523,
          0.4514350413585383,
          -0.1895973152711819
        ],
        [
          -0.48688623369407014,
          -0.7584353706428197,
          0.4332638734040629
        ]
      ],
      "tx": 0.09375277672917273,
      "ty": 0.0924285510501231,
      "tz": 0.0
    },
    {
      "R": [
        [
          -0.862571629644342,
          -0.06360692102573942,
          -0.5019206544169409
        ],
        [
          0.21027470015086439,
          0.857252466630075,
          -0.4700029350260658
        ],
        [
          0.4601681586215728,
          -0.510952412710105,
          -0.7260667309115285
        ]
      ],
      "tx": -0.09281458778176195,
      "ty": 0.010166133985912207,
      "tz": 0.0
    },
    {
      "R": [
        [
          0.04168516299291425,
          -0.03970178386361336,
          -0.998341682764123
        ],
        [
          -0.13852083889689235,
          -0.9897901317896189,
          0.03357785286747053
        ],
        [
          -0.9894818464113201,
          0.13689142913248892,
          -0.046759087378918984
        ]
      ],
      "tx": 0.09677256724974895,
      "ty": 0.010374816256994254,
      "tz": 0.0
    }
  ],
  "points_N": 19843
}