{
  "type": "scene",
  "distance_m": 0.5,
  "num_objects": 9,
  "intrinsics": {
    "width": 640,
    "height": 480,
    "fx": 554.2562584220408,
    "fy": 554.2562584220408,
    "cx": -0.025211219835046608,
    "cy": -0.08514615677930865
  },
  "T_wc": [
    [
      0.999999999999,
      0.0,
      0.0,
      0.0
    ],
    [
      -0.0,
      0.9999999999970001,
      0.0,
      0.0
    ],
    [
      0.0,
      0.0,
      -0.999999999998,
      0.5150141660124063
    ],
    [
      0.0,
      0.0,
      0.0,
      1.0
    ]
  ],
  "bin_size": {
    "w": 0.25,
    "d": 0.25
  },
  "z_floor": 0.0,
  "piece_aabb": {
    "w": 0.0300283320248127,
    "d": 0.0300283320248127,
    "h": 0.0300283320248127
  },
  "poses": [
    {
      "R": [
        [
          0.004981142582293652,
          0.13242624958840804,
          0.9911803451635445
        ],
        [
          0.5719632670578993,
          -0.8134271322038371,
          0.10580322174251242
        ],
        [
          0.8202641095129232,
          0.5663917275301518,
          -0.07979474688462407
        ]
      ],
      "tx": -0.06729471312759777,
      "ty": -0.02216521049582143,
      "tz": 0.0
    },
    {
      "R": [
        [
          -0.283960566368366,
          -0.9516235048706364,
          -0.11738441858050122
        ],
        [
          -0.9297770319735134,
          0.2433723321367175,
          0.27619663061822347
        ],
        [
          -0.2342670859559252,
          0.1875702879671001,
          -0.953905823186785
        ]
      ],
      "tx": 0.09623482509814313,
      "ty": 0.07539599368259103,
      "tz": 0.0
    },
    {
      "R": [
        [
          0.7127517831319086,
          -0.5081926601238455,
          0.48345125487326507
        ],
        [
          -0.05333324568489475,
          -0.7265203600810834,
          -0.6850720628462147
        ],
        [
          0.6993857737665241,
          0.46250230981466794,
          -0.5449322461270738
        ]
      ],
      "tx": -0.0983123783873928,
      "ty": -0.08185389174633527,
      "tz": 0.0
    },
    {
      "R": [
        [
          -0.2852717568406007,
          -0.342770367821293,
          0.895057819189762
        ],
        [
          0.9272161455281587,
          0.13775094080470274,
          0.3482741704165322
        ],
        [
          -0.24267312216432563,
          0.9292648455908976,
          0.2785257663627254
        ]
      ],
      "tx": -0.08890320264255848,
      "ty": 0.03488711605806888,
      "tz": 0.0
    },
    {
      "R": [
        [
          -0.40418273246217695,
          -0.6458653100663789,
          -0.6476838117725876
        ],
        [
          0.004293841656937247,
          -0.7094321126988892,
          0.7047606972550441
        ],
        [
          -0.9146681812019228,
          0.2820710526169796,
          0.28951345318018573
        ]
      ],
      "tx": 0.04707623907161915,
      "ty": -0.051015175851932576,
      "tz": 0.0
    },
    {
      "R": [
        [
          0.2635488943379469,
          -0.5617767891608808,
          -0.7841867248642613
        ],
        [
          0.4948663895514024,
          -0.6190690439259745,
          0.6098038826909346
        ],
        [
          -0.8280393932571113,
          -0.5487807923138989,
          0.11484948934028416
        ]
      ],
      "tx": 0.02228490811001535,
      "ty": 0.02136355013874358,
      "tz": 0.0
    },
    {
      "R": [
        [
          -0.7109718873208368,
          0.4729651757878296,
          0.520406492975861
        ],
        [
          0.3078038281122564,
          0.8746789554315096,
          -0.3744242624679705
        ],
        [
          -0.6322782447932935,
          -0.10602201383312132,
          -0.7674526394142387
        ]
      ],
      "tx": 0.023075047734902238,
      "ty": 0.08305314609273687,
      "tz": 0.0
    },
    {
      "R": [
        [
          -0.20326205953049703,
          0.9743827097930728,
          -0.09624380505637142
        ],
        [
          0.4392040753423537,
          0.17858707800522133,
          0.8804580829160606
        ],
        [
          0.8750910326120869,
          0.13669305185657826,
          -0.4642528343651182
        ]
      ],
      "tx": -0.03891001334058789,
      "ty": 0.08421204186497427,
      "tz": 0.0
    },
    {
      "R": [
        [
          0.36405066487775006,
          0.931180591459281,
          0.019230691397132876
        ],
        [
          -0.9290411814632082,
          0.3645214677077343,
          -0.06329757282586232
        ],
        [
          -0.06595147115504076,
          0.00517741921645631,
          0.9978093995261534
        ]
      ],
      "tx": -0.025211219835046608,
      "ty": -0.08514615677930865,
      "tz": 0.0
    }
  ],
  "points_N": 15010
}