{
  "type": "scene",
  "distance_m": 0.5,
  "num_objects": 11,
  "intrinsics": {
    "width": 640,
    "height": 480,
    "fx": 554.2562584220408,
    "fy": 554.2562584220408,
    "cx": -0.0951815391285049,
    "cy": -0.0941307652030304
  },
  "T_wc": [
    [
      0.999999999999,
      0.0,
      0.0,
      0.0
    ],
    [
      -0.0,
      0.9999999999970001,
      0.0,
      0.0
    ],
    [
      0.0,
      0.0,
      -0.999999999998,
      0.5150141660124063
    ],
    [
      0.0,
      0.0,
      0.0,
      1.0
    ]
  ],
  "bin_size": {
    "w": 0.25,
    "d": 0.25
  },
  "z_floor": 0.0,
  "piece_aabb": {
    "w": 0.0300283320248127,
    "d": 0.0300283320248127,
    "h": 0.0300283320248127
  },
  "poses": [
    {
      "R": [
        [
          -0.16651988888475477,
          -0.6381561694367162,
          0.7516833309417377
        ],
        [
          -0.9462996930093426,
          -0.1108097804594621,
          -0.3037072333102221
        ],
        [
          0.2771065095161658,
          -0.7618910000547209,
          -0.5854349549005287
        ]
      ],
      "tx": 0.03737975476116534,
      "ty": -0.026678177417928356,
      "tz": 0.0
    },
    {
      "R": [
        [
          0.6664042341056451,
          -0.7127195427028887,
          -0.218943486350825
        ],
        [
          0.40476953800735666,
          0.09922019576654884,
          0.9090197873827384
        ],
        [
          -0.6261525515937627,
          -0.6943962890176134,
          0.35460791859628193
        ]
      ],
      "tx": 0.025933492158579874,
      "ty": 0.08096651412258338,
      "tz": 0.0
    },
    {
      "R": [
        [
          0.7173013865814137,
          0.6888301732933583,
          0.1048413714571837
        ],
        [
          0.5678222779089644,
          -0.6651075276989495,
          0.4849843681073285
        ],
        [
          0.40380265169839574,
          -0.28834869335377944,
          -0.8682156699360539
        ]
      ],
      "tx": -0.07761022686268358,
      "ty": -0.03961650791827184,
      "tz": 0.0
    },
    {
      "R": [
        [
          -0.44357954122957244,
          -0.8892764619600971,
          -0.111465531920383
        ],
        [
          0.763225460575765,
          -0.44001143519307284,
          0.47315624610507223
        ],
        [
          -0.4698128211654866,
          0.12480909863893766,
          0.8738985078173909
        ]
      ],
      "tx": -0.030503380875946118,
      "ty": -0.09464730093767035,
      "tz": 0.0
    },
    {
      "R": [
        [
          0.20816407008452864,
          0.5734992358788473,
          0.7923170743914469
        ],
        [
          0.915839887072093,
          0.17009621425846155,
          -0.363736964223758
        ],
        [
          -0.3433730058895417,
          0.801352546848962,
          -0.48982555515720394
        ]
      ],
      "tx": -0.09621690556248161,
      "ty": 0.03470729352863097,
      "tz": 0.0
    },
    {
      "R": [
        [
          0.1007116800592085,
          0.3876026096689835,
          0.9163085585529829
        ],
        [
          0.886198338486619,
          -0.453574145579847,
          0.09446162885038323
        ],
        [
          0.45222744538916176,
          0.8025177327880708,
          -0.3891730029144971
        ]
      ],
      "tx": -0.014576769800540526,
      "ty": 0.011966633986917205,
      "tz": 0.0
    },
    {
      "R": [
        [
          0.33417105654260537,
          -0.4580176173171898,
          -0.8237412015896032
        ],
        [
          0.5526208989692695,
          0.8032069327766299,
          -0.22241574845760095
        ],
        [
          0.7635049750928905,
          -0.38089169768668185,
          0.5215186167739001
        ]
      ],
      "tx": -0.0748069941960301,
      "ty": 0.0932475027145995,
      "tz": 0.0
    },
    {
      "R": [
        [
          -0.35123385243529204,
          -0.21841218657101488,
          0.9104564227137573
        ],
        [
          0.32044960797365857,
          0.8856416778155793,
          0.33608163779881545
        ],
        [
          -0.8797424791681894,
          0.40979865211256344,
          -0.2410772388130702
        ]
      ],
      "tx": 0.09324247829635651,
      "ty": 0.07604702629030824,
      "tz": 0.0
    },
    {
      "R": [
        [
          0.2726631457984743,
          -0.43359758847334884,
          -0.8588643316574371
        ],
        [
          -0.30381984794700123,
          -0.8858148283222653,
          0.350750039084611
        ],
        [
          -0.9128791316032703,
          0.16530342160551756,
          -0.3732646110854434
        ]
      ],
      "tx": 0.08048031972336853,
      "ty": -0.08991348452744106,
      "tz": 0.0
    },
    {
      "R": [
        [
          0.39055464402828355,
          -0.735180344705231,
          0.5540549889560045
        ],
        [
          0.9052342653392269,
          0.19726698475938587,
          -0.3763464648162517
        ],
        [
          0.16738576666996133,
          0.6485334204827362,
          0.7425539762423143
        ]
      ],
      "tx": 0.09670802040771023,
      "ty": 0.01600836650599924,
      "tz": 0.0
    },
    {
      "R": [
        [
          0.7492072677225567,
          -0.6368229622054261,
          0.18205764142053352
        ],
        [
          0.44250217837744266,
          0.6857862795821701,
          0.5778312910080794
        ],
        [
          -0.49282886697404316,
          -0.35235449982191536,
          0.7955916127840519
        ]
      ],
      "tx": -0.0951815391285049,
      "ty": -0.0941307652030304,
      "tz": 0.0
    }
  ],
  "points_N": 19028
}