{
  "type": "scene",
  "distance_m": 0.5,
  "num_objects": 8,
  "intrinsics": {
    "width": 640,
    "height": 480,
    "fx": 554.2562584220408,
    "fy": 554.2562584220408,
    "cx": 0.09430961098811655,
    "cy": -0.08867420738521675
  },
  "T_wc": [
    [
      0.999999999999,
      0.0,
      0.0,
      0.0
    ],
    [
      -0.0,
      0.9999999999970001,
      0.0,
      0.0
    ],
    [
      0.0,
      0.0,
      -0.999999999998,
      0.5150141660124063
    ],
    [
      0.0,
      0.0,
      0.0,
      1.0
    ]
  ],
  "bin_size": {
    "w": 0.25,
    "d": 0.25
  },
  "z_floor": 0.0,
  "piece_aabb": {
    "w": 0.0300283320248127,
    "d": 0.0300283320248127,
    "h": 0.0300283320248127
  },
  "poses": [
    {
      "R": [
        [
          -0.6300006901721611,
          -0.40721262937977043,
          0.6612692377966896
        ],
        [
          0.7705502180836774,
          -0.4338043248936252,
          0.4669755551576371
        ],
        [
          0.09670311160349554,
          0.8037360774391056,
          0.5870748044576619
        ]
      ],
      "tx": -0.0861005793708565,
      "ty": -0.031091224781685384,
      "tz": 0.0
    },
    {
      "R": [
        [
          -0.7384061808821705,
          0.6308541929282778,
          0.23828407269437596
        ],
        [
          -0.4990445550065931,
          -0.27353914595238416,
          -0.8222717724389618
        ],
        [
          -0.45355357363081034,
          -0.7260849281567904,
          0.5168073460684064
        ]
      ],
      "tx": 0.08351704852030145,
      "ty": 0.024754945394462408,
      "tz": 0.0
    },
    {
      "R": [
        [
          0.3855370987340401,
          0.9206592696047667,
          -0.06121809201989638
        ],
        [
          0.8929771090994084,
          -0.3890009808949628,
          -0.2264290606066724
        ],
        [
          -0.23227791139969028,
          0.03263044825886195,
          -0.9721019626161771
        ]
      ],
      "tx": 0.0902125776425626,
      "ty": 0.08766191643402238,
      "tz": 0.0
    },
    {
      "R": [
        [
          0.05950419253801742,
          0.8048685191207468,
          -0.5904624611258322
        ],
        [
          -0.31738463401232564,
          -0.54556147300111,
          -0.7756479054762682
        ],
        [
          -0.9464281510834625,
          0.23355801443160917,
          0.2229897054383979
        ]
      ],
      "tx": 0.019170298949419254,
      "ty": 0.08274814245324463,
      "tz": 0.0
    },
    {
      "R": [
        [
          -0.5243890674119809,
          0.5877255419533026,
          -0.6161126466113886
        ],
        [
          0.7818535833064367,
          0.6189293464930967,
          -0.07504290986171178
        ],
        [
          0.3372255628650916,
          -0.5210615619917909,
          -0.7840751037783291
        ]
      ],
      "tx": 0.01243534016293077,
      "ty": -0.08466317844901813,
      "tz": 0.0
    },
    {
      "R": [
        [
          0.9938083052584595,
          -0.016635207022562395,
          0.10985591602924719
        ],
        [
          0.11044122457108048,
          0.03971942539098827,
          -0.993088668328186
        ],
        [
          0.01215682172891782,
          0.9990723883352627,
          0.041310707468223185
        ]
      ],
      "tx": -0.040753262365979606,
      "ty": 0.039588810020156406,
      "tz": 0.0
    },
    {
      "R": [
        [
          0.23410951883467745,
          -0.6912436784589541,
          -0.683648235704247
        ],
        [
          -0.41559157234396793,
          0.5645504203469662,
          -0.7131384633314432
        ],
        [
          0.8789063534800874,
          0.45107094771953304,
          -0.15510841993824176
        ]
      ],
      "tx": -0.06517057929826503,
      "ty": 0.0952871658750328,
      "tz": 0.0
    },
    {
      "R": [
        [
          -0.6405932637291591,
          0.1382955040353466,
          0.7553241847236413
        ],
        [
          -0.5327083481166123,
          0.628412424710587,
          -0.5668506331620624
        ],
        [
          -0.5530479963906335,
          -0.7654881958808837,
          -0.3288855966066857
        ]
      ],
      "tx": 0.09430961098811655,
      "ty": -0.08867420738521675,
      "tz": 0.0
    }
  ],
  "points_N": 13413
}