{
  "type": "scene",
  "distance_m": 0.5,
  "num_objects": 10,
  "intrinsics": {
    "width": 640,
    "height": 480,
    "fx": 554.2562584220408,
    "fy": 554.2562584220408,
    "cx": -0.08417671704927705,
    "cy": 0.09571393631492328
  },
  "T_wc": [
    [
      0.999999999999,
      0.0,
      0.0,
      0.0
    ],
    [
      -0.0,
      0.9999999999970001,
      0.0,
      0.0
    ],
    [
      0.0,
      0.0,
      -0.999999999998,
      0.5150141660124063
    ],
    [
      0.0,
      0.0,
      0.0,
      1.0
    ]
  ],
  "bin_size": {
    "w": 0.25,
    "d": 0.25
  },
  "z_floor": 0.0,
  "piece_aabb": {
    "w": 0.0300283320248127,
    "d": 0.0300283320248127,
    "h": 0.0300283320248127
  },
  "poses": [
    {
      "R": [
        [
          0.30875061205999055,
          0.44972567712082545,
          -0.8381049307161939
        ],
        [
          0.8409322967816532,
          -0.5407849877803625,
          0.019607886702211752
        ],
        [
          -0.44441639459195786,
          -0.7108434513517081,
          -0.5451565425529414
        ]
      ],
      "tx": 0.016353660757186236,
      "ty": -0.016040389650785275,
      "tz": 0.0
    },
    {
      "R": [
        [
          0.3634523654040914,
          -0.16477896740308318,
          -0.9169243534685642
        ],
        [
          0.9247573308256763,
          0.1829951952815725,
          0.33367145156280564
        ],
        [
          0.1128107138810025,
          -0.9692061960209668,
          0.2188905946545575
        ]
      ],
      "tx": -0.02333454543218033,
      "ty": -0.08056222147769558,
      "tz": 0.0
    },
    {
      "R": [
        [
          -0.6438686372284919,
          0.5339302935630994,
          0.5480434468262044
        ],
        [
          -0.7434484637486389,
          -0.6058992284168119,
          -0.2831439682453085
        ],
        [
          0.18087995948504906,
          -0.5897495795840249,
          0.7870691669968739
        ]
      ],
      "tx": -0.058069975602775326,
      "ty": 0.04450759371945759,
      "tz": 0.0
    },
    {
      "R": [
        [
          -0.16732409140011084,
          -0.07042561287317978,
          -0.983383384793827
        ],
        [
          -0.985637739167234,
          0.03503956664981467,
          0.165198292661567
        ],
        [
          0.02282313664750968,
          0.9969014303432562,
          -0.0752771055045216
        ]
      ],
      "tx": 0.07578655845658855,
      "ty": 0.027583397193138987,
      "tz": 0.0
    },
    {
      "R": [
        [
          -0.07341409885820305,
          0.876270707671969,
          -0.47619325590027484
        ],
        [
          -0.9643164176996851,
          -0.18415700592465267,
          -0.19021052474485745
        ],
        [
          -0.25437023537293935,
          0.44523684039501277,
          0.8585219503957842
        ]
      ],
      "tx": -0.0965144637796503,
      "ty": -0.08771003751680206,
      "tz": 0.0
    },
    {
      "R": [
        [
          -0.9213727406746381,
          -0.20863319429830432,
          -0.32793972461199694
        ],
        [
          -0.1252012669744816,
          -0.6394452248433369,
          0.7585739562976304
        ],
        [
          -0.36796319855345727,
          0.7399878341310353,
          0.5630462590661343
        ]
      ],
      "tx": 0.014383256472164388,
      "ty": 0.07422056096333426,
      "tz": 0.0
    },
    {
      "R": [
        [
          0.0586599348114617,
          0.3344585449816301,
          -0.9405830605197427
        ],
        [
          -0.5913028442160969,
          -0.7474946710900445,
          -0.30267583833854406
        ],
        [
          -0.8043133459478771,
          0.5739243838527486,
          0.15391830024195818
        ]
      ],
      "tx": -0.08392534723497312,
      "ty": -0.008359965445395037,
      "tz": 0.0
    },
    {
      "R": [
        [
          -0.6848634623732193,
          0.7283327996268636,
          0.0222119538505869
        ],
        [
          0.7187437220915671,
          0.6802333853792475,
          -0.14384020081134616
        ],
        [
          -0.11987284871949035,
          -0.08254619557062076,
          -0.9893516188578713
        ]
      ],
      "tx": 0.0760243299039054,
      "ty": -0.0654215075226569,
      "tz": 0.0
    },
    {
      "R": [
        [
          0.07369637406794272,
          0.9649320193680444,
          0.25194253798742655
        ],
        [
          0.3475379523520359,
          -0.261642284551173,
          0.9004225044998582
        ],
        [
          0.9347653267661311,
          0.021201720051709838,
          -0.3546325858443595
        ]
      ],
      "tx": 0.07678112474097301,
      "ty": 0.0959581483861785,
      "tz": 0.0
    },
    {
      "R": [
        [
          -0.4931217440908888,
          -0.26507507691536747,
          -0.8285928729497206
        ],
        [
          -0.48731658549988344,
          -0.7048285100689198,
          0.5154990949465976
        ],
        [
          -0.7206618423376491,
          0.6579908623927375,
          0.21839078278665258
        ]
      ],
      "tx": -0.08417671704927705,
      "ty": 0.09571393631492328,
      "tz": 0.0
    }
  ],
  "points_N": 16490
}