{
  "type": "scene",
  "distance_m": 0.5,
  "num_objects": 12,
  "intrinsics": {
    "width": 640,
    "height": 480,
    "fx": 554.2562584220408,
    "fy": 554.2562584220408,
    "cx": -0.012115786797571623,
    "cy": -0.09797185378669468
  },
  "T_wc": [
    [
      0.999999999999,
      0.0,
      0.0,
      0.0
    ],
    [
      -0.0,
      0.9999999999970001,
      0.0,
      0.0
    ],
    [
      0.0,
      0.0,
      -0.999999999998,
      0.5150141660124063
    ],
    [
      0.0,
      0.0,
      0.0,
      1.0
    ]
  ],
  "bin_size": {
    "w": 0.25,
    "d": 0.25
  },
  "z_floor": 0.0,
  "piece_aabb": {
    "w": 0.0300283320248127,
    "d": 0.0300283320248127,
    "h": 0.0300283320248127
  },
  "poses": [
    {
      "R": [
        [
          -0.8561735973527866,
          0.2767114696852662,
          -0.4363456585559305
        ],
        [
          -0.5161527189035758,
          -0.4964876983828237,
          0.6979157084655514
        ],
        [
          -0.023518970309834852,
          0.8227580008113846,
          0.5679050361956819
        ]
      ],
      "tx": -0.06108032445085908,
      "ty": 0.04794510466498625,
      "tz": 0.0
    },
    {
      "R": [
        [
          -0.7490065577618952,
          -0.07437031000303312,
          -0.6583754501951974
        ],
        [
          0.3747952550261991,
          -0.8669749902224215,
          -0.3284552985395087
        ],
        [
          -0.5463677271211419,
          -0.49277116729663084,
          0.6772435923961136
        ]
      ],
      "tx": -0.0693354474424991,
      "ty": -0.09815120336708034,
      "tz": 0.0
    },
    {
      "R": [
        [
          0.5261998501415888,
          -0.800789351610822,
          0.28609462081222176
        ],
        [
          -0.25566979686545155,
          -0.4698572002710055,
          -0.8449066021308338
        ],
        [
          0.8110158276394785,
          0.37144397383752464,
          -0.4519764392289052
        ]
      ],
      "tx": 0.04336771651108309,
      "ty": 0.0368370445881894,
      "tz": 0.0
    },
    {
      "R": [
        [
          0.8660469447094934,
          0.499411914697925,
          0.023461223691532668
        ],
        [
          0.2085875250768311,
          -0.4035689590667948,
          0.8908553977274123
        ],
        [
          0.45437202152165357,
          -0.7666288767946954,
          -0.45368075926011
        ]
      ],
      "tx": 0.09097159384297546,
      "ty": -0.04905177153465845,
      "tz": 0.0
    },
    {
      "R": [
        [
          -0.8691143432031154,
          -0.24303724747466265,
          -0.4307820269910961
        ],
        [
          0.4201077569800054,
          -0.8224156791741153,
          -0.3835908278019793
        ],
        [
          -0.2610550343583639,
          -0.514359161470386,
          0.8168750957445299
        ]
      ],
      "tx": 0.010647001359568947,
      "ty": -0.036357562347666225,
      "tz": 0.0
    },
    {
      "R": [
        [
          0.27446938098509743,
          0.8599215733593877,
          0.4303503765221689
        ],
        [
          -0.2762518181187801,
          0.4991854109715863,
          -0.8212787945997368
        ],
        [
          -0.921059982784903,
          0.10653080842762602,
          0.37456600882625557
        ]
      ],
      "tx": 0.010945386177584449,
      "ty": 0.09464742573198456,
      "tz": 0.0
    },
    {
      "R": [
        [
          -0.5056201061677839,
          -0.380547308517311,
          -0.7742945526213583
        ],
        [
          -0.4738607015557128,
          -0.6274885334514524,
          0.6178302160853524
        ],
        [
          -0.720974579135774,
          0.6792951393666644,
          0.1369444043136392
        ]
      ],
      "tx": -0.07531017284396616,
      "ty": -0.008661183890485605,
      "tz": 0.0
    },
    {
      "R": [
        [
          0.789225129557928,
          0.3608371454752459,
          -0.49691070557953154
        ],
        [
          0.6071720891961984,
          -0.3372660471011997,
          0.7194398290155025
        ],
        [
          0.09200950481007639,
          -0.8695103035145747,
          -0.4852690831967321
        ]
      ],
      "tx": 0.09369381073404845,
      "ty": 0.08000830394381264,
      "tz": 0.0
    },
    {
      "R": [
        [
          -0.25061494429935505,
          -0.9277173999883739,
          0.2766452158499087
        ],
        [
          0.7330079133378375,
          0.004820623596552109,
          0.6802030289349272
        ],
        [
          -0.6323697879231267,
          0.3732521766138168,
          0.678816075218544
        ]
      ],
      "tx": 0.045050671144862,
      "ty": -0.0924236109216367,
      "tz": 0.0
    },
    {
      "R": [
        [
          0.2613520784011081,
          0.6789205410771084,
          0.686120973312278
        ],
        [
          0.5568612335487768,
          -0.6866592816048194,
          0.4673377767273781
        ],
        [
          0.7884165508701324,
          0.2599344722993091,
          -0.5575243603866329
        ]
      ],
      "tx": 0.09614298632396975,
      "ty": 0.013704211884528819,
      "tz": 0.0
    },
    {
      "R": [
        [
          0.35563699263299087,
          0.7714562937380138,
          0.5276149318612668
        ],
        [
          0.27772000783169504,
          0.4517955809882309,
          -0.8477926339910428
        ],
        [
          -0.8924090579554453,
          0.44803564573760657,
          -0.05357362623120232
        ]
      ],
      "tx": -0.09833255792380459,
      "ty": 0.09559613437648543,
      "tz": 0.0
    },
    {
      "R": [
        [
          -0.46807186833728087,
          0.814605383226069,
          -0.3425299923953476
        ],
        [
          -0.8202764658383915,
          -0.2563305377361995,
          0.5113131868195354
        ],
        [
          0.3287175773561944,
          0.5203006102658158,
          0.788182738515691
        ]
      ],
      "tx": -0.012115786797571623,
      "ty": -0.09797185378669468,
      "tz": 0.0
    }
  ],
  "points_N": 20800
}