{
  "type": "scene",
  "distance_m": 0.5,
  "num_objects": 11,
  "intrinsics": {
    "width": 640,
    "height": 480,
    "fx": 554.2562584220408,
    "fy": 554.2562584220408,
    "cx": -0.07897873801675523,
    "cy": 0.09834251817145051
  },
  "T_wc": [
    [
      0.999999999999,
      0.0,
      0.0,
      0.0
    ],
    [
      -0.0,
      0.9999999999970001,
      0.0,
      0.0
    ],
    [
      0.0,
      0.0,
      -0.999999999998,
      0.5150141660124063
    ],
    [
      0.0,
      0.0,
      0.0,
      1.0
    ]
  ],
  "bin_size": {
    "w": 0.25,
    "d": 0.25
  },
  "z_floor": 0.0,
  "piece_aabb": {
    "w": 0.0300283320248127,
    "d": 0.0300283320248127,
    "h": 0.0300283320248127
  },
  "poses": [
    {
      "R": [
        [
          -0.8621059804810898,
          -0.377665792231479,
          0.33784882387971754
        ],
        [
          0.019262070041303953,
          -0.690668554771023,
          -0.722914877498195
        ],
        [
          0.5063617788463728,
          -0.616721571561005,
          0.6027041165404972
        ]
      ],
      "tx": -0.02571045064733969,
      "ty": 0.06957271888015013,
      "tz": 0.0
    },
    {
      "R": [
        [
          -0.048441182685572404,
          -0.5984173615656316,
          -0.7997187713170495
        ],
        [
          -0.37313001456866246,
          -0.7318513296585056,
          0.5702347091374456
        ],
        [
          -0.9265135962564246,
          0.32602192051134476,
          -0.18783573488045802
        ]
      ],
      "tx": 0.0290515058907454,
      "ty": -0.06312444325825661,
      "tz": 0.0
    },
    {
      "R": [
        [
          0.22209940812753515,
          0.19721518756492795,
          -0.9548706837593922
        ],
        [
          -0.8135289800386258,
          -0.5023317243972958,
          -0.292973441290082
        ],
        [
          -0.5374406493248459,
          0.8418842013351779,
          0.04887269171549835
        ]
      ],
      "tx": 0.04782124632125265,
      "ty": 0.033487170480404865,
      "tz": 0.0
    },
    {
      "R": [
        [
          0.4832965257967916,
          -0.6100877294433225,
          0.6278673669935735
        ],
        [
          0.6493499927546711,
          -0.23120627342420286,
          -0.7244917156453906
        ],
        [
          0.5871703799258441,
          0.7578499993481457,
          0.2844192740053948
        ]
      ],
      "tx": -0.039508856071539415,
      "ty": -0.0059246040554042645,
      "tz": 0.0
    },
    {
      "R": [
        [
          -0.8319498899694806,
          0.4055937855906955,
          0.3786199435713581
        ],
        [
          -0.016169151295468837,
          -0.6998141954479409,
          0.7141418979418135
        ],
        [
          0.554615127026079,
          0.5880083102642004,
          0.5887684501857127
        ]
      ],
      "tx": -0.0918164136331016,
      "ty": 0.03726307696293393,
      "tz": 0.0
    },
    {
      "R": [
        [
          0.8573636358478074,
          0.14845991238028441,
          -0.49283592639119406
        ],
        [
          -0.4198151968894409,
          0.7556806581936384,
          -0.5026946819817268
        ],
        [
          0.29779656879572697,
          0.6378921517373197,
          0.7102188439948802
        ]
      ],
      "tx": -0.0906022475021272,
      "ty": -0.0471343645228957,
      "tz": 0.0
    },
    {
      "R": [
        [
          0.8724145326709961,
          -0.4871220324718097,
          0.04006255939128971
        ],
        [
          0.47789509029656946,
          0.8329474288207421,
          -0.2789531564462902
        ],
        [
          0.10251422269559056,
          0.26250848805600163,
          0.9594686695477195
        ]
      ],
      "tx": -0.04304619326657104,
      "ty": -0.09178260017988708,
      "tz": 0.0
    },
    {
      "R": [
        [
          -0.02921643626402748,
          -0.842974448250941,
          -0.5371596405613992
        ],
        [
          0.502197985818054,
          0.45226260579969,
          -0.7370588296978497
        ],
        [
          0.8642589790637525,
          -0.29129472187339034,
          0.41012656841075823
        ]
      ],
      "tx": 0.06596996338466529,
      "ty": 0.09271800953051806,
      "tz": 0.0
    },
    {
      "R": [
        [
          -0.3129994450048925,
          0.8179054763982548,
          0.48276493151882194
        ],
        [
          -0.5945631909694823,
          0.22763890843819723,
          -0.7711518263670603
        ],
        [
          -0.7406253839633204,
          -0.5284043518393937,
          0.41504563795608584
        ]
      ],
      "tx": 0.09411866730404495,
      "ty": -0.006101725558976354,
      "tz": 0.0
    },
    {
      "R": [
        [
          -0.05742237972489006,
          0.7495042666900665,
          0.6595043779385517
        ],
        [
          0.9724637365845173,
          -0.10746294437173032,
          0.2067994115442223
        ],
        [
          0.22586932358071288,
          0.6532190060005478,
          -0.7226949417733923
        ]
      ],
      "tx": 0.08187837179370425,
      "ty": -0.09478550626139835,
      "tz": 0.0
    },
    {
      "R": [
        [
          -0.7370042089259372,
          0.6037601711992251,
          0.30380660246106467
        ],
        [
          -0.5517107665195655,
          -0.7970534265929219,
          0.2456034716018374
        ],
        [
          0.39043568757459474,
          0.013397418779877185,
          0.9205327169841331
        ]
      ],
      "tx": -0.07897873801675523,
      "ty": 0.09834251817145051,
      "tz": 0.0
    }
  ],
  "points_N": 19709
}