{
  "type": "scene",
  "distance_m": 0.5,
  "num_objects": 7,
  "intrinsics": {
    "width": 640,
    "height": 480,
    "fx": 554.2562584220408,
    "fy": 554.2562584220408,
    "cx": -0.09037082597667495,
    "cy": 0.05270755901560695
  },
  "T_wc": [
    [
      0.999999999999,
      0.0,
      0.0,
      0.0
    ],
    [
      -0.0,
      0.9999999999970001,
      0.0,
      0.0
    ],
    [
      0.0,
      0.0,
      -0.999999999998,
      0.5150141660124063
    ],
    [
      0.0,
      0.0,
      0.0,
      1.0
    ]
  ],
  "bin_size": {
    "w": 0.25,
    "d": 0.25
  },
  "z_floor": 0.0,
  "piece_aabb": {
    "w": 0.0300283320248127,
    "d": 0.0300283320248127,
    "h": 0.0300283320248127
  },
  "poses": [
    {
      "R": [
        [
          0.20659397934654422,
          0.766908097688045,
          -0.6075943526714709
        ],
        [
          -0.917055892626283,
          0.36824517004961665,
          0.15298360871198013
        ],
        [
          0.3410680540554494,
          0.5255924889452217,
          0.7793748251433299
        ]
      ],
      "tx": -0.01852403578527262,
      "ty": 0.051327403495280505,
      "tz": 0.0
    },
    {
      "R": [
        [
          -0.04389923153654407,
          -0.758314499728021,
          0.6504090843251977
        ],
        [
          0.6871525119737348,
          0.4496590054081808,
          0.5706384180402786
        ],
        [
          -0.7251856884679173,
          0.47198082414179376,
          0.5013380285633098
        ]
      ],
      "tx": -0.0973446351898857,
      "ty": -0.028297708228932614,
      "tz": 0.0
    },
    {
      "R": [
        [
          -0.8253525336148173,
          -0.4185814244651922,
          -0.3789231932044975
        ],
        [
          0.14252028175659395,
          0.49493284490900025,
          -0.8571636065059602
        ],
        [
          0.546334297425691,
          -0.7614663946117217,
          -0.34883773496197734
        ]
      ],
      "tx": 0.043363033528587364,
      "ty": 0.08476794046798328,
      "tz": 0.0
    },
    {
      "R": [
        [
          0.5470597880112682,
          -0.8286743528072519,
          -0.11842468214248453
        ],
        [
          -0.7410003191367015,
          -0.5452024470678578,
          0.39201124824490197
        ],
        [
          -0.38941509392982293,
          -0.12670086310164527,
          -0.9123062950067402
        ]
      ],
      "tx": 0.09022638554340767,
      "ty": -0.03344013858898254,
      "tz": 0.0
    },
    {
      "R": [
        [
          -0.8558962089611306,
          0.3120946173387643,
          -0.41235740482515165
        ],
        [
          0.24589864490016586,
          0.9470655348516608,
          0.20639944072695504
        ],
        [
          0.4549456406233891,
          0.07525837178884455,
          -0.8873334444015197
        ]
      ],
      "tx": 0.003999000337712791,
      "ty": -0.05060046460040204,
      "tz": 0.0
    },
    {
      "R": [
        [
          -0.8050376679857985,
          -0.41425794601247484,
          0.4246230178517329
        ],
        [
          -0.5199425023769619,
          0.14810403572009845,
          -0.8412639234065625
        ],
        [
          0.28561188236130947,
          -0.8980287015284897,
          -0.3346196406146602
        ]
      ],
      "tx": 0.09469007434007279,
      "ty": 0.054087943323046256,
      "tz": 0.0
    },
    {
      "R": [
        [
          0.7646682769556129,
          0.5483189173862243,
          0.33856873903851925
        ],
        [
          0.6083040376161529,
          -0.4407399978830866,
          -0.6600867004310139
        ],
        [
          -0.21271723963426223,
          0.7107000908276401,
          -0.6705645061140384
        ]
      ],
      "tx": -0.09037082597667495,
      "ty": 0.05270755901560695,
      "tz": 0.0
    }
  ],
  "points_N": 12346
}