{
  "type": "scene",
  "distance_m": 0.5,
  "num_objects": 12,
  "intrinsics": {
    "width": 640,
    "height": 480,
    "fx": 554.2562584220408,
    "fy": 554.2562584220408,
    "cx": 0.03064588083742978,
    "cy": -0.09622962610580581
  },
  "T_wc": [
    [
      0.999999999999,
      0.0,
      0.0,
      0.0
    ],
    [
      -0.0,
      0.9999999999970001,
      0.0,
      0.0
    ],
    [
      0.0,
      0.0,
      -0.999999999998,
      0.5150141660124063
    ],
    [
      0.0,
      0.0,
      0.0,
      1.0
    ]
  ],
  "bin_size": {
    "w": 0.25,
    "d": 0.25
  },
  "z_floor": 0.0,
  "piece_aabb": {
    "w": 0.0300283320248127,
    "d": 0.0300283320248127,
    "h": 0.0300283320248127
  },
  "poses": [
    {
      "R": [
        [
          0.5402286362672808,
          0.8052244742525112,
          0.2444720160295675
        ],
        [
          -0.5759755514388571,
          0.5656130364142127,
          -0.590198320213637
        ],
        [
          -0.6135186914035289,
          0.17803212941225377,
          0.7693499699066999
        ]
      ],
      "tx": 0.08948738971197936,
      "ty": -0.09868690677577428,
      "tz": 0.0
    },
    {
      "R": [
        [
          -0.7939503864935908,
          -0.5306591289973892,
          0.2967215405028929
        ],
        [
          -0.5538688967046679,
          0.43001937192491424,
          -0.7129604372140549
        ],
        [
          0.2507429541379612,
          -0.730400046947585,
          -0.6353296328435609
        ]
      ],
      "tx": -0.09569104915321212,
      "ty": -0.022049309714697388,
      "tz": 0.0
    },
    {
      "R": [
        [
          0.20545399740283554,
          -0.5648244488970832,
          -0.7992258735046694
        ],
        [
          -0.8483858189708365,
          -0.5099040330463436,
          0.14226517230951508
        ],
        [
          -0.4878833437619884,
          0.6488229488937481,
          -0.583950874533502
        ]
      ],
      "tx": 0.021834622936293943,
      "ty": 0.08165984494109788,
      "tz": 0.0
    },
    {
      "R": [
        [
          0.8126124680703015,
          0.40854816566918184,
          -0.4156312946170438
        ],
        [
          -0.5284835453125141,
          0.21590161399261976,
          -0.8210308370635646
        ],
        [
          -0.24569517510649047,
          0.8868341949900942,
          0.39135532643067794
        ]
      ],
      "tx": -0.09164273492888075,
      "ty": 0.0785912868924108,
      "tz": 0.0
    },
    {
      "R": [
        [
          -0.6740598502360791,
          -0.6157293595587843,
          0.4080694476152844
        ],
        [
          0.05458628072935717,
          -0.592443162829364,
          -0.8037608081841727
        ],
        [
          0.7366570818609224,
          -0.5195078965656521,
          0.4329525252843338
        ]
      ],
      "tx": -0.01954542403146864,
      "ty": -0.05918612367539134,
      "tz": 0.0
    },
    {
      "R": [
        [
          -0.8086805901484246,
          0.32751904377832675,
          -0.48863788133926567
        ],
        [
          -0.5456166732354273,
          -0.10715506177690814,
          0.8311559652815422
        ],
        [
          0.21985938461821633,
          0.9387486717423986,
          0.2653540696827199
        ]
      ],
      "tx": -0.00721278652340443,
      "ty": 0.0022937013502393744,
      "tz": 0.0
    },
    {
      "R": [
        [
          0.7110119283388971,
          0.21034657782108127,
          0.6709816353364396
        ],
        [
          0.6697060524474135,
          0.08833826578718185,
          -0.7373534797592097
        ],
        [
          -0.21437313515248405,
          0.9736275817768686,
          -0.07806081557492073
        ]
      ],
      "tx": 0.09045909458015033,
      "ty": 0.08723604762420362,
      "tz": 0.0
    },
    {
      "R": [
        [
          0.7819157909876204,
          -0.5870992597953713,
          -0.20957613163700461
        ],
        [
          0.5410581837416808,
          0.4721745442316755,
          0.6959218645694092
        ],
        [
          -0.3096186971265744,
          -0.6575451763394944,
          0.6868555914180985
        ]
      ],
      "tx": -0.08534236008741454,
      "ty": -0.09428997400338171,
      "tz": 0.0
    },
    {
      "R": [
        [
          -0.1371960779782444,
          0.9886821872200907,
          0.060702297000070723
        ],
        [
          -0.9887774990266519,
          -0.14035217128378807,
          0.0511891144143494
        ],
        [
          0.05912946478691175,
          -0.05299811968007461,
          0.996842467847548
        ]
      ],
      "tx": 0.08017729037882321,
      "ty": 0.02521050793236672,
      "tz": 0.0
    },
    {
      "R": [
        [
          0.18409205456395217,
          -0.9822306486039849,
          -0.03651120909279992
        ],
        [
          0.30382912051048044,
          0.021538952869517125,
          0.9524830387146601
        ],
        [
          -0.9347716196891361,
          -0.18643772808173775,
          0.302395424190693
        ]
      ],
      "tx": 0.04313096521426965,
      "ty": -0.039446380081601444,
      "tz": 0.0
    },
    {
      "R": [
        [
          -0.297162319121155,
          -0.8506579870689338,
          -0.43367677494923157
        ],
        [
          -0.4536583797770367,
          -0.27386983490170724,
          0.8480503451971384
        ],
        [
          -0.840171786334563,
          0.4487497103806768,
          -0.3045243288813686
        ]
      ],
      "tx": -0.03389518764769339,
      "ty": 0.06573022624626099,
      "tz": 0.0
    },
    {
      "R": [
        [
          0.7807388669603336,
          -0.3560514094649663,
          0.5134921766059396
        ],
        [
          -0.49363754908808133,
          -0.8552865573634085,
          0.15750198387246256
        ],
        [
          0.3831041526110187,
          -0.37644693996825135,
          -0.8435158028399548
        ]
      ],
      "tx": 0.03064588083742978,
      "ty": -0.09622962610580581,
      "tz": 0.0
    }
  ],
  "points_N": 20219
}