{
  "type": "scene",
  "distance_m": 0.3,
  "num_objects": 12,
  "intrinsics": {
    "width": 640,
    "height": 480,
    "fx": 554.2562584220408,
    "fy": 554.2562584220408,
    "cx": 0.027043066928943954,
    "cy": -0.024209168192140376
  },
  "T_wc": [
    [
      0.999999999999,
      0.0,
      0.0,
      0.0
    ],
    [
      -0.0,
      0.9999999999956668,
      0.0,
      0.0
    ],
    [
      0.0,
      0.0,
      -0.9999999999966668,
      0.31501416601240634
    ],
    [
      0.0,
      0.0,
      0.0,
      1.0
    ]
  ],
  "bin_size": {
    "w": 0.25,
    "d": 0.25
  },
  "z_floor": 0.0,
  "piece_aabb": {
    "w": 0.0300283320248127,
    "d": 0.0300283320248127,
    "h": 0.0300283320248127
  },
  "poses": [
    {
      "R": [
        [
          0.1339818325297638,
          -0.7152006169123042,
          0.685956956463178
        ],
        [
          -0.527068166032935,
          0.5347451118297025,
          0.6604898286339598
        ],
        [
          -0.8391948622975747,
          -0.45003971262822867,
          -0.30531334748231487
        ]
      ],
      "tx": -0.019001986465686738,
      "ty": 0.03959567772801734,
      "tz": 0.0
    },
    {
      "R": [
        [
          0.1816582073045646,
          -0.6046766190097659,
          -0.7754782280256552
        ],
        [
          0.3061572928041872,
          0.7841826569075684,
          -0.5397455628981104
        ],
        [
          0.9344880993258838,
          -0.13936910356425902,
          0.3275793723511782
        ]
      ],
      "tx": 0.011727493464105856,
      "ty": 0.09174634109714905,
      "tz": 0.0
    },
    {
      "R": [
        [
          0.43988551020819344,
          0.8370757740116587,
          -0.32527663068788076
        ],
        [
          -0.759935986042022,
          0.5399607735165655,
          0.3618558555305305
        ],
        [
          0.47853739146196,
          0.08801426944635155,
          0.8736449240661837
        ]
      ],
      "tx": -0.07558346999763231,
      "ty": 0.011781525859556066,
      "tz": 0.0
    },
    {
      "R": [
        [
          0.9714641983646579,
          0.23717171207609283,
          -0.0026249355434893873
        ],
        [
          0.11600586587741678,
          -0.46545318810107106,
          0.8774371594413928
        ],
        [
          0.20688148872662182,
          -0.85270329463269,
          -0.4796844180758977
        ]
      ],
      "tx": -0.03784362199334029,
      "ty": -0.040150940360600046,
      "tz": 0.0
    },
    {
      "R": [
        [
          0.06263141500956049,
          0.5383600270428293,
          -0.8403843091921366
        ],
        [
          0.8497647952897622,
          -0.4703785941091503,
          -0.23799951867608493
        ],
        [
          -0.5234282171798239,
          -0.6992227538391066,
          -0.4869398751115046
        ]
      ],
      "tx": -0.08041984576781476,
      "ty": 0.08378892792191922,
      "tz": 0.0
    },
    {
      "R": [
        [
          0.13992478385025564,
          0.004468921607846815,
          -0.9901520507498442
        ],
        [
          -0.3851341348874754,
          0.9214906132989981,
          -0.0502667658230804
        ],
        [
          0.9121911822687914,
          0.38837491981524686,
          0.1306605091432198
        ]
      ],
      "tx": 0.08585231566244328,
      "ty": -0.041337172197052165,
      "tz": 0.0
    },
    {
      "R": [
        [
          0.20640249125296783,
          -0.9743784089976979,
          0.08935730347142029
        ],
        [
          0.23126815104286313,
          -0.04015526954998361,
          -0.9720610045879753
        ],
        [
          0.9507434217062898,
          0.22130131135283204,
          0.21705454539293334
        ]
      ],
      "tx": 0.06090150150608756,
      "ty": 0.0221211773497087,
      "tz": 0.0
    },
    {
      "R": [
        [
          0.6570147282819034,
          0.26089944539301624,
          0.707292815044995
        ],
        [
          0.25722501684650034,
          -0.9594860680553685,
          0.1149859813888909
        ],
        [
          0.7086373808436685,
          0.10638592294690727,
          -0.6975063425301311
        ]
      ],
      "tx": 0.0778066061586441,
      "ty": 0.07710327132127795,
      "tz": 0.0
    },
    {
      "R": [
        [
          0.7068211564113704,
          -0.14252270843506426,
          0.692886087628859
        ],
        [
          0.35036572322199877,
          0.9214453160578726,
          -0.16787611356632287
        ],
        [
          -0.6145304816202519,
          0.36142192392734124,
          0.7012321156822756
        ]
      ],
      "tx": 0.009341569500692079,
      "ty": -0.08024775097488565,
      "tz": 0.0
    },
    {
      "R": [
        [
          0.05621254342636395,
          -0.9082908643395684,
          0.41454536026690625
        ],
        [
          -0.831391327408096,
          -0.2724856046713018,
          -0.4842933573336718
        ],
        [
          0.5528368752825227,
          -0.31742605596295187,
          -0.7704622562615651
        ]
      ],
      "tx": -0.09034397844600857,
      "ty": -0.07804674905655107,
      "tz": 0.0
    },
    {
      "R": [
        [
          0.8622790582788511,
          0.4360089932856186,
          0.2576256653126762
        ],
        [
          0.5064148858318452,
          -0.7466977487877076,
          -0.43126144664610233
        ],
        [
          0.004334635123844133,
          0.5023331859726482,
          -0.8646632761999968
        ]
      ],
      "tx": 0.0722071185106766,
      "ty": -0.09784996750754171,
      "tz": 0.0
    },
    {
      "R": [
        [
          -0.7148417550765949,
          -0.4438439144858753,
          0.5403738009682455
        ],
        [
          -0.4750840665538922,
          0.8752792240434447,
          0.09045114518082298
        ],
        [
          -0.5131241515516793,
          -0.19206472745343023,
          -0.8365493085064437
        ]
      ],
      "tx": 0.027043066928943954,
      "ty": -0.024209168192140376,
      "tz": 0.0
    }
  ],
  "points_N": 60892
}