{
  "type": "scene",
  "distance_m": 0.3,
  "num_objects": 11,
  "intrinsics": {
    "width": 640,
    "height": 480,
    "fx": 554.2562584220408,
    "fy": 554.2562584220408,
    "cx": -0.000880666309021394,
    "cy": 0.0963399143536123
  },
  "T_wc": [
    [
      0.999999999999,
      0.0,
      0.0,
      0.0
    ],
    [
      -0.0,
      0.9999999999956668,
      0.0,
      0.0
    ],
    [
      0.0,
      0.0,
      -0.9999999999966668,
      0.31501416601240634
    ],
    [
      0.0,
      0.0,
      0.0,
      1.0
    ]
  ],
  "bin_size": {
    "w": 0.25,
    "d": 0.25
  },
  "z_floor": 0.0,
  "piece_aabb": {
    "w": 0.0300283320248127,
    "d": 0.0300283320248127,
    "h": 0.0300283320248127
  },
  "poses": [
    {
      "R": [
        [
          -0.4092089397722556,
          -0.8359949385673837,
          -0.36559609721683717
        ],
        [
          0.27968080570032106,
          -0.4963140755874411,
          0.8218582513405844
        ],
        [
          -0.86851982736912,
          0.23406153264366247,
          0.43690789464510005
        ]
      ],
      "tx": 0.054149989687697186,
      "ty": -0.005407221806149318,
      "tz": 0.0
    },
    {
      "R": [
        [
          0.05633382528962427,
          0.8938281638163577,
          0.44485695869224795
        ],
        [
          -0.647848002168822,
          0.37175130943159884,
          -0.6649014438409331
        ],
        [
          -0.7596837935707881,
          -0.2507432501675171,
          0.6000069635273628
        ]
      ],
      "tx": 0.06422943414329138,
      "ty": 0.05828893772769042,
      "tz": 0.0
    },
    {
      "R": [
        [
          0.053656957605086375,
          -0.9828674626412809,
          -0.17633060364456393
        ],
        [
          -0.7408061276266505,
          -0.15758820942714724,
          0.6529718504808245
        ],
        [
          -0.6695724099538247,
          0.09559030876943486,
          -0.7365699428418129
        ]
      ],
      "tx": -0.03820879226410549,
      "ty": 0.037559714608041445,
      "tz": 0.0
    },
    {
      "R": [
        [
          0.5906920419222728,
          -0.023384871794156048,
          -0.8065581562298324
        ],
        [
          -0.6423316303695529,
          -0.6186022712734642,
          -0.4524834876568462
        ],
        [
          -0.4883574390100841,
          0.7853562107391028,
          -0.3804242815818013
        ]
      ],
      "tx": -0.08660184952455373,
      "ty": -0.08720907071807012,
      "tz": 0.0
    },
    {
      "R": [
        [
          -0.40011227006252903,
          -0.1772185278052909,
          -0.8991683739700453
        ],
        [
          -0.18512918641164494,
          -0.9452704617840189,
          0.2686837144621726
        ],
        [
          -0.8975730364064933,
          0.2739659604424484,
          0.3454059884177959
        ]
      ],
      "tx": -0.09837678797444076,
      "ty": 0.026654516104656606,
      "tz": 0.0
    },
    {
      "R": [
        [
          -0.5485665661394192,
          0.8333871531870285,
          -0.06738379194455013
        ],
        [
          -0.24495552888029182,
          -0.08313559585663421,
          0.9659633852131968
        ],
        [
          0.7994194839913414,
          0.5464012496365493,
          0.2497481992139977
        ]
      ],
      "tx": -0.02460258322467017,
      "ty": -0.09505471771237516,
      "tz": 0.0
    },
    {
      "R": [
        [
          -0.6163355024309143,
          -0.7252524010634495,
          -0.3068216146149655
        ],
        [
          0.7538344263406719,
          -0.43069706711307965,
          -0.49621940111589935
        ],
        [
          0.2277371425720077,
          -0.5371303297449264,
          0.8121741209625211
        ]
      ],
      "tx": 0.022495016242233754,
      "ty": -0.06174976541419156,
      "tz": 0.0
    },
    {
      "R": [
        [
          -0.8211417860835728,
          0.5698681421971392,
          -0.031248482463334115
        ],
        [
          0.5226482176017759,
          0.7288483464319279,
          -0.4422882866876887
        ],
        [
          -0.2292705994783607,
          -0.3795133573567939,
          -0.8963284017605422
        ]
      ],
      "tx": -0.05763781286630863,
      "ty": -0.027678441613993812,
      "tz": 0.0
    },
    {
      "R": [
        [
          0.20385209794189318,
          -0.973245038297417,
          -0.10601140313262508
        ],
        [
          -0.36035762984281805,
          -0.17527671316270843,
          0.9161989153218553
        ],
        [
          -0.9102673787293243,
          -0.1485670530512629,
          -0.3864468009557174
        ]
      ],
      "tx": 0.09624964537640299,
      "ty": -0.07153122955446507,
      "tz": 0.0
    },
    {
      "R": [
        [
          0.7713983606471054,
          0.454963051527727,
          -0.4449193083420151
        ],
        [
          -0.16767026417538042,
          -0.5291479273558972,
          -0.8317987457830865
        ],
        [
          -0.6138658254882059,
          0.7162479268518246,
          -0.3319000686624616
        ]
      ],
      "tx": -0.06465946541177983,
      "ty": 0.09308354770756655,
      "tz": 0.0
    },
    {
      "R": [
        [
          0.787490837140188,
          -0.35379963458730074,
          -0.5046622632871794
        ],
        [
          -0.41318247214337916,
          -0.9106262040103188,
          -0.006337293053256421
        ],
        [
          -0.4573165491579455,
          0.21350816175418133,
          -0.8632935993800825
        ]
      ],
      "tx": -0.000880666309021394,
      "ty": 0.0963399143536123,
      "tz": 0.0
    }
  ],
  "points_N": 56003
}