{
  "type": "scene",
  "distance_m": 0.3,
  "num_objects": 10,
  "intrinsics": {
    "width": 640,
    "height": 480,
    "fx": 554.2562584220408,
    "fy": 554.2562584220408,
    "cx": 0.017707170223159402,
    "cy": 0.01486476782394
  },
  "T_wc": [
    [
      0.999999999999,
      0.0,
      0.0,
      0.0
    ],
    [
      -0.0,
      0.9999999999956668,
      0.0,
      0.0
    ],
    [
      0.0,
      0.0,
      -0.9999999999966668,
      0.31501416601240634
    ],
    [
      0.0,
      0.0,
      0.0,
      1.0
    ]
  ],
  "bin_size": {
    "w": 0.25,
    "d": 0.25
  },
  "z_floor": 0.0,
  "piece_aabb": {
    "w": 0.0300283320248127,
    "d": 0.0300283320248127,
    "h": 0.0300283320248127
  },
  "poses": [
    {
      "R": [
        [
          -0.9077574413434424,
          -0.17987075987551174,
          0.37897616999939915
        ],
        [
          -0.26060145131353973,
          -0.4661421366254812,
          -0.8454575045710508
        ],
        [
          0.32872984540331024,
          -0.8662320810291186,
          0.3762694121730842
        ]
      ],
      "tx": 0.05630098238389475,
      "ty": 0.0799462627120259,
      "tz": 0.0
    },
    {
      "R": [
        [
          0.13655175931100283,
          0.8676557708843707,
          0.47804506093057597
        ],
        [
          -0.7198790708445238,
          0.4184195720582815,
          -0.553804284091943
        ],
        [
          -0.6805348928520085,
          -0.2685116849777917,
          0.6817431588518452
        ]
      ],
      "tx": -0.04255281011284015,
      "ty": 0.03496993998564227,
      "tz": 0.0
    },
    {
      "R": [
        [
          -0.11084344277742408,
          0.11306594472792436,
          0.987385346932002
        ],
        [
          0.9513434814474546,
          -0.275338603487453,
          0.13832654747739392
        ],
        [
          0.2875053242997154,
          0.9546752042304026,
          -0.07704507075053169
        ]
      ],
      "tx": 0.006912574426968604,
      "ty": -0.0623371888379924,
      "tz": 0.0
    },
    {
      "R": [
        [
          0.13940387849389202,
          -0.7827198100341832,
          0.6065610090014957
        ],
        [
          0.9902328833764737,
          0.10875297883266621,
          -0.08724463464842291
        ],
        [
          0.0023227872858549437,
          0.612798897335067,
          0.7902354814130728
        ]
      ],
      "tx": 0.08191514924139848,
      "ty": -0.007693064096141164,
      "tz": 0.0
    },
    {
      "R": [
        [
          -0.9292186345064091,
          0.15063761409498533,
          -0.33743301336089576
        ],
        [
          0.2773295600949034,
          0.887756255626643,
          -0.3673923593290012
        ],
        [
          0.24421516002003554,
          -0.4349679756206574,
          -0.8666959188786201
        ]
      ],
      "tx": -0.003076738508131102,
      "ty": 0.08023033524638559,
      "tz": 0.0
    },
    {
      "R": [
        [
          -0.7311580000005842,
          -0.5266867527823929,
          0.43360009626230966
        ],
        [
          0.6070226161354382,
          -0.21220689219703615,
          0.7658275121750093
        ],
        [
          -0.3113382766947136,
          0.823145976937028,
          0.4748675374429714
        ]
      ],
      "tx": -0.08290000857891935,
      "ty": -0.015653560771779443,
      "tz": 0.0
    },
    {
      "R": [
        [
          -0.5018675129251553,
          0.8214649668639232,
          -0.2707846149351396
        ],
        [
          0.8556928927526196,
          0.42587427856957183,
          -0.29397410114753375
        ],
        [
          -0.12616922272476866,
          -0.3792445214740747,
          -0.916654198795231
        ]
      ],
      "tx": 0.08429620545029162,
      "ty": -0.08864028039486133,
      "tz": 0.0
    },
    {
      "R": [
        [
          -0.5088597512820117,
          0.7132965992056424,
          0.48194368455959036
        ],
        [
          0.7351486946086423,
          0.6513627053285045,
          -0.18783775691362203
        ],
        [
          -0.4479041753996249,
          0.25871719631442547,
          -0.8558313280026528
        ]
      ],
      "tx": -0.09687084420772926,
      "ty": 0.05681147440670989,
      "tz": 0.0
    },
    {
      "R": [
        [
          -0.21520671332279928,
          0.9278012113613839,
          -0.3047474080893007
        ],
        [
          -0.9142008768349944,
          -0.3011342659492544,
          -0.27121008584735723
        ],
        [
          -0.34339893321751247,
          0.22023411649322652,
          0.9130027965989602
        ]
      ],
      "tx": -0.07471069308616932,
      "ty": -0.07805042829696536,
      "tz": 0.0
    },
    {
      "R": [
        [
          -0.06254239649250226,
          -0.5778132930791334,
          -0.8137691607464748
        ],
        [
          -0.758624864957835,
          -0.5022943758171476,
          0.41495623177651947
        ],
        [
          -0.6485188994228934,
          0.6432978768529471,
          -0.40692883742468955
        ]
      ],
      "tx": 0.017707170223159402,
      "ty": 0.01486476782394,
      "tz": 0.0
    }
  ],
  "points_N": 52338
}