{
  "type": "scene",
  "distance_m": 0.3,
  "num_objects": 11,
  "intrinsics": {
    "width": 640,
    "height": 480,
    "fx": 554.2562584220408,
    "fy": 554.2562584220408,
    "cx": 0.09655358632621935,
    "cy": 0.04523847265425038
  },
  "T_wc": [
    [
      0.999999999999,
      0.0,
      0.0,
      0.0
    ],
    [
      -0.0,
      0.9999999999956668,
      0.0,
      0.0
    ],
    [
      0.0,
      0.0,
      -0.9999999999966668,
      0.31501416601240634
    ],
    [
      0.0,
      0.0,
      0.0,
      1.0
    ]
  ],
  "bin_size": {
    "w": 0.25,
    "d": 0.25
  },
  "z_floor": 0.0,
  "piece_aabb": {
    "w": 0.0300283320248127,
    "d": 0.0300283320248127,
    "h": 0.0300283320248127
  },
  "poses": [
    {
      "R": [
        [
          0.3746271969238296,
          0.9239291722775778,
          -0.07751998412966826
        ],
        [
          0.5046423121944348,
          -0.2733275700304745,
          -0.8189189069769305
        ],
        [
          -0.7778114167766175,
          0.2676694305962221,
          -0.5686496952045654
        ]
      ],
      "tx": -0.09894943210222286,
      "ty": -0.035535042019236115,
      "tz": 0.0
    },
    {
      "R": [
        [
          -0.3411822149515469,
          -0.2570657999282194,
          -0.9041636304939615
        ],
        [
          0.9360225495888097,
          -0.1812713732187603,
          -0.30166616633730925
        ],
        [
          -0.08635092855332066,
          -0.9492406774673372,
          0.30246595408298405
        ]
      ],
      "tx": -0.065370423353906,
      "ty": 0.020251713533140675,
      "tz": 0.0
    },
    {
      "R": [
        [
          0.958099111482342,
          0.28308849949792025,
          0.04366914275278136
        ],
        [
          -0.28242077854723635,
          0.9590629676022788,
          -0.020898038632441968
        ],
        [
          -0.0477974520400376,
          0.00768931895073539,
          0.9988274515413331
        ]
      ],
      "tx": -0.06921920255329603,
      "ty": -0.09051134543248662,
      "tz": 0.0
    },
    {
      "R": [
        [
          -0.3420392542043402,
          -0.4311826996222768,
          0.8349195339251468
        ],
        [
          -0.7533128396280746,
          -0.4053084071276709,
          -0.5179236051418369
        ],
        [
          0.5617196046381377,
          -0.8061058085996379,
          -0.186184078554259
        ]
      ],
      "tx": 0.07269693101697236,
      "ty": 0.09822255274380726,
      "tz": 0.0
    },
    {
      "R": [
        [
          0.45347189247068853,
          0.6290908211120911,
          0.6313540857011753
        ],
        [
          -0.5038352453473416,
          -0.4033890727621212,
          0.7638241299683455
        ],
        [
          0.7351960883225891,
          -0.664471214401821,
          0.1340325219733357
        ]
      ],
      "tx": 0.032253700778893474,
      "ty": -0.017525492217621674,
      "tz": 0.0
    },
    {
      "R": [
        [
          0.13167593512684284,
          -0.8384695821936461,
          -0.5288007260249213
        ],
        [
          -0.14323178368218292,
          -0.5439404155974936,
          0.8268092164597867
        ],
        [
          -0.9808904649611453,
          -0.033129805547851776,
          -0.19171935669793405
        ]
      ],
      "tx": 0.02111999319231489,
      "ty": -0.0762175135265327,
      "tz": 0.0
    },
    {
      "R": [
        [
          -0.47648999575512496,
          0.4271597560934011,
          0.7684346600196443
        ],
        [
          -0.48625368694636256,
          -0.8562275833733564,
          0.17444677526882002
        ],
        [
          0.7324715939040567,
          -0.29053204340459143,
          0.6156918838825172
        ]
      ],
      "tx": 0.013398956166095169,
      "ty": 0.06255536804372522,
      "tz": 0.0
    },
    {
      "R": [
        [
          0.39768239825212504,
          -0.8597332366418868,
          -0.3204800647992067
        ],
        [
          0.009855047457696331,
          -0.34526567639322203,
          0.9384532437710138
        ],
        [
          -0.9174702110477728,
          -0.37636468287818464,
          -0.128833370374134
        ]
      ],
      "tx": -0.0480047084368767,
      "ty": 0.09420995843279933,
      "tz": 0.0
    },
    {
      "R": [
        [
          -0.7766496763478345,
          0.47176377037939726,
          -0.4174376901840793
        ],
        [
          -0.40589478173750687,
          0.13198776721333427,
          0.9043387946252778
        ],
        [
          0.4817309481308687,
          0.8717902123007887,
          0.0889781959216992
        ]
      ],
      "tx": -0.024742246755271827,
      "ty": -0.032352823288800237,
      "tz": 0.0
    },
    {
      "R": [
        [
          -0.4503100163344955,
          -0.8431759202088218,
          -0.2937264999431156
        ],
        [
          -0.3793167696783673,
          -0.11715003920278066,
          0.9178206015096607
        ],
        [
          -0.808294301247754,
          0.5247191971853075,
          -0.26707693025720425
        ]
      ],
      "tx": 0.07990980807181872,
      "ty": -0.0546589482870759,
      "tz": 0.0
    },
    {
      "R": [
        [
          -0.8725084481935763,
          -0.4280394406754578,
          0.23560824488349075
        ],
        [
          -0.3068973574654011,
          0.10489253647288188,
          -0.9459448016523158
        ],
        [
          0.38018813738936086,
          -0.8976523787182467,
          -0.22288379745930853
        ]
      ],
      "tx": 0.09655358632621935,
      "ty": 0.04523847265425038,
      "tz": 0.0
    }
  ],
  "points_N": 52694
}