{
  "type": "scene",
  "distance_m": 0.3,
  "num_objects": 10,
  "intrinsics": {
    "width": 640,
    "height": 480,
    "fx": 554.2562584220408,
    "fy": 554.2562584220408,
    "cx": -0.08913345642175322,
    "cy": 0.07259872366901188
  },
  "T_wc": [
    [
      0.999999999999,
      0.0,
      0.0,
      0.0
    ],
    [
      -0.0,
      0.9999999999956668,
      0.0,
      0.0
    ],
    [
      0.0,
      0.0,
      -0.9999999999966668,
      0.31501416601240634
    ],
    [
      0.0,
      0.0,
      0.0,
      1.0
    ]
  ],
  "bin_size": {
    "w": 0.25,
    "d": 0.25
  },
  "z_floor": 0.0,
  "piece_aabb": {
    "w": 0.0300283320248127,
    "d": 0.0300283320248127,
    "h": 0.0300283320248127
  },
  "poses": [
    {
      "R": [
        [
          0.16960476044213313,
          0.9655381840590807,
          0.19740881530281196
        ],
        [
          -0.9344433917474364,
          0.22120179730598277,
          -0.27907940176256363
        ],
        [
          -0.31312900353514705,
          -0.1371341678521293,
          0.9397576534152781
        ]
      ],
      "tx": 0.027766574529153154,
      "ty": -0.0049827141144773435,
      "tz": 0.0
    },
    {
      "R": [
        [
          -0.15385896267565613,
          -0.46387995794453196,
          0.8724349856704229
        ],
        [
          0.38047966045614323,
          0.7870498319543514,
          0.48557984925221653
        ],
        [
          -0.9119005689128336,
          0.40665457902008995,
          0.05540221817259938
        ]
      ],
      "tx": -0.02625773499782652,
      "ty": -0.04846138752851216,
      "tz": 0.0
    },
    {
      "R": [
        [
          0.11732649434298748,
          -0.3263782934275834,
          -0.937929476722255
        ],
        [
          -0.00935476677999178,
          0.9440473120752415,
          -0.32967735879493365
        ],
        [
          0.9930493351609864,
          0.04745400028248123,
          0.10770856880264157
        ]
      ],
      "tx": -0.035406495657414216,
      "ty": 0.04793369966176239,
      "tz": 0.0
    },
    {
      "R": [
        [
          0.8172281678213289,
          0.5738410135915822,
          0.05333491201435914
        ],
        [
          -0.10677459026654815,
          0.241701944381986,
          -0.9644580638655982
        ],
        [
          -0.5663367448725225,
          0.7824874830961535,
          0.25879727627052496
        ]
      ],
      "tx": 0.08397640302967799,
      "ty": -0.022371537935635635,
      "tz": 0.0
    },
    {
      "R": [
        [
          0.020359728589950388,
          0.9187733056071907,
          -0.3942601861149296
        ],
        [
          -0.2691428896168136,
          0.38482132802512403,
          0.8828786159295576
        ],
        [
          0.9628850328156808,
          0.08813715675363826,
          0.2551161601681271
        ]
      ],
      "tx": -0.08782956741499488,
      "ty": -0.0025818932208770268,
      "tz": 0.0
    },
    {
      "R": [
        [
          0.9201079232015023,
          -0.33558876346360256,
          -0.20194452579554784
        ],
        [
          -0.3886332421629818,
          -0.8462988639738376,
          -0.36433835362541916
        ],
        [
          -0.048637565190988274,
          0.4137129616939286,
          -0.9091072393170843
        ]
      ],
      "tx": 0.05588858984642714,
      "ty": 0.07959064573941138,
      "tz": 0.0
    },
    {
      "R": [
        [
          -0.03871591070528635,
          -0.9466319062267962,
          0.31998298762853405
        ],
        [
          0.8305660198802288,
          0.14755501705947205,
          0.5370173214719374
        ],
        [
          -0.5555728259000574,
          0.2865581111293155,
          0.7805275677818326
        ]
      ],
      "tx": 0.08199450398226016,
      "ty": -0.08093237867284557,
      "tz": 0.0
    },
    {
      "R": [
        [
          0.7639583175571671,
          0.6291569860272966,
          -0.1432800613074638
        ],
        [
          0.3847723335795622,
          -0.2659247601174597,
          0.8838745800554565
        ],
        [
          0.5179941508810313,
          -0.7303735406554098,
          -0.44523763403773464
        ]
      ],
      "tx": -0.09000600760692505,
      "ty": -0.08277905850043629,
      "tz": 0.0
    },
    {
      "R": [
        [
          -0.12329889147518713,
          0.26848512803848834,
          -0.955360203998024
        ],
        [
          0.8541553501395363,
          0.518800571810444,
          0.035561278339821756
        ],
        [
          0.5051890944873967,
          -0.8116413633565707,
          -0.29329554394789437
        ]
      ],
      "tx": 0.0983676258671769,
      "ty": 0.03429479031096497,
      "tz": 0.0
    },
    {
      "R": [
        [
          -0.8000840402054414,
          -0.5952054236897495,
          -0.07480663218488207
        ],
        [
          0.586375983517194,
          -0.7496405620933038,
          -0.306923823804343
        ],
        [
          0.12660463878855996,
          -0.28942966550570093,
          0.948789615332333
        ]
      ],
      "tx": -0.08913345642175322,
      "ty": 0.07259872366901188,
      "tz": 0.0
    }
  ],
  "points_N": 47998
}