{
  "type": "scene",
  "distance_m": 0.3,
  "num_objects": 12,
  "intrinsics": {
    "width": 640,
    "height": 480,
    "fx": 554.2562584220408,
    "fy": 554.2562584220408,
    "cx": 0.09653565584833981,
    "cy": 0.08774920520970558
  },
  "T_wc": [
    [
      0.999999999999,
      0.0,
      0.0,
      0.0
    ],
    [
      -0.0,
      0.9999999999956668,
      0.0,
      0.0
    ],
    [
      0.0,
      0.0,
      -0.9999999999966668,
      0.31501416601240634
    ],
    [
      0.0,
      0.0,
      0.0,
      1.0
    ]
  ],
  "bin_size": {
    "w": 0.25,
    "d": 0.25
  },
  "z_floor": 0.0,
  "piece_aabb": {
    "w": 0.0300283320248127,
    "d": 0.0300283320248127,
    "h": 0.0300283320248127
  },
  "poses": [
    {
      "R": [
        [
          0.40860991012150927,
          -0.8936743538932259,
          -0.18542947593092474
        ],
        [
          0.7623717773412975,
          0.4458906375264826,
          -0.46901046094911164
        ],
        [
          0.501823887896903,
          0.050276123157539654,
          0.8635074388656327
        ]
      ],
      "tx": -0.005270446538286594,
      "ty": 0.014944614527424238,
      "tz": 0.0
    },
    {
      "R": [
        [
          -0.27908229281376906,
          0.9535415590252545,
          0.11345293759747382
        ],
        [
          -0.1951957434599671,
          -0.17201298662730302,
          0.9655620923413812
        ],
        [
          0.9402189615046701,
          0.2473257520826369,
          0.23413303223560278
        ]
      ],
      "tx": -0.0745518296194096,
      "ty": -0.01859939940662321,
      "tz": 0.0
    },
    {
      "R": [
        [
          0.5105568674573032,
          -0.45146052965998473,
          -0.7317889554040233
        ],
        [
          -0.5336685739060579,
          0.500931807553296,
          -0.6813700737532151
        ],
        [
          0.6741880585691651,
          0.7384109386652622,
          0.01482387743561786
        ]
      ],
      "tx": 0.04876610081116403,
      "ty": -0.05291368040050025,
      "tz": 0.0
    },
    {
      "R": [
        [
          -0.3537310864204546,
          -0.7267647180721539,
          0.5888016330355305
        ],
        [
          0.6730857062561315,
          0.23932703325282345,
          0.6997701073839083
        ],
        [
          -0.6494843728169982,
          0.6438444033459517,
          0.4045175320633284
        ]
      ],
      "tx": 0.03821532917800638,
      "ty": 0.08040732298262182,
      "tz": 0.0
    },
    {
      "R": [
        [
          -0.024123905141125057,
          -0.474913027597673,
          0.8797020253578787
        ],
        [
          -0.9319543892641087,
          0.32912036115860077,
          0.15212101827885094
        ],
        [
          -0.3617721016497876,
          -0.8161724107618709,
          -0.45053694896096097
        ]
      ],
      "tx": -0.08247095968615309,
      "ty": 0.03981855318204047,
      "tz": 0.0
    },
    {
      "R": [
        [
          -0.6044136906356248,
          -0.7197234520459307,
          0.34158782640385804
        ],
        [
          -0.3606991950063202,
          -0.13508267859612322,
          -0.9228481785565215
        ],
        [
          0.7103380753514597,
          -0.6809925275055413,
          -0.17795784946890847
        ]
      ],
      "tx": -0.015458381742423921,
      "ty": -0.0780197334407485,
      "tz": 0.0
    },
    {
      "R": [
        [
          -0.07682017479362524,
          0.2201716657786697,
          -0.9724315391496321
        ],
        [
          -0.7524636172740491,
          -0.6526834944470548,
          -0.08833323697926437
        ],
        [
          -0.6541384910120565,
          0.7249335787950695,
          0.2158104281814076
        ]
      ],
      "tx": 0.08745026134797257,
      "ty": 0.006289113854299422,
      "tz": 0.0
    },
    {
      "R": [
        [
          0.9829966727374655,
          -0.05383649986665273,
          0.17555390246069769
        ],
        [
          -0.01627125005002558,
          0.926754927444634,
          0.3753139364304246
        ],
        [
          -0.1829010328261757,
          -0.3717888321873038,
          0.9101210229699779
        ]
      ],
      "tx": -0.09700392326383435,
      "ty": 0.09597636359777029,
      "tz": 0.0
    },
    {
      "R": [
        [
          -0.92457411609848,
          0.27863721361702903,
          0.25985381857585305
        ],
        [
          0.15714867792440235,
          -0.3424173406921853,
          0.9263123975311482
        ],
        [
          0.3470835589124421,
          0.8972801502212282,
          0.27280274036681407
        ]
      ],
      "tx": 0.08972109533900952,
      "ty": -0.09879753107748984,
      "tz": 0.0
    },
    {
      "R": [
        [
          -0.2892541168813372,
          0.8647151048172291,
          0.41060911262187844
        ],
        [
          0.9498529478470065,
          0.20604169298799624,
          0.2352152168057847
        ],
        [
          0.11879155413391068,
          0.45805524585094415,
          -0.8809505993044566
        ]
      ],
      "tx": -0.08429731527000528,
      "ty": -0.08292428485583415,
      "tz": 0.0
    },
    {
      "R": [
        [
          -0.0005475012613647134,
          -0.8202194553067672,
          0.5720487264024273
        ],
        [
          -0.9398918053361682,
          0.1957607326727605,
          0.2797876512738592
        ],
        [
          -0.34147195273446324,
          -0.5375107261066465,
          -0.77102472386819
        ]
      ],
      "tx": -0.027328908127303264,
      "ty": 0.09260329549338833,
      "tz": 0.0
    },
    {
      "R": [
        [
          0.16210766227591278,
          0.9443491718125652,
          -0.2862267414627106
        ],
        [
          0.31597081467084115,
          0.2251147179648505,
          0.9216755437961077
        ],
        [
          0.934817388642126,
          -0.23984996446222068,
          -0.26189395647816704
        ]
      ],
      "tx": 0.09653565584833981,
      "ty": 0.08774920520970558,
      "tz": 0.0
    }
  ],
  "points_N": 62099
}