{
  "type": "scene",
  "distance_m": 0.3,
  "num_objects": 13,
  "intrinsics": {
    "width": 640,
    "height": 480,
    "fx": 554.2562584220408,
    "fy": 554.2562584220408,
    "cx": 0.03300447645334936,
    "cy": 0.0987534851795106
  },
  "T_wc": [
    [
      0.999999999999,
      0.0,
      0.0,
      0.0
    ],
    [
      -0.0,
      0.9999999999956668,
      0.0,
      0.0
    ],
    [
      0.0,
      0.0,
      -0.9999999999966668,
      0.31501416601240634
    ],
    [
      0.0,
      0.0,
      0.0,
      1.0
    ]
  ],
  "bin_size": {
    "w": 0.25,
    "d": 0.25
  },
  "z_floor": 0.0,
  "piece_aabb": {
    "w": 0.0300283320248127,
    "d": 0.0300283320248127,
    "h": 0.0300283320248127
  },
  "poses": [
    {
      "R": [
        [
          0.8172556649296991,
          -0.2058429959149392,
          0.5382581529090643
        ],
        [
          -0.44647496104023815,
          0.36437740271407915,
          0.8172448944811216
        ],
        [
          -0.364353245222865,
          -0.908216807499236,
          0.20588575295892309
        ]
      ],
      "tx": -0.03457879866918255,
      "ty": -0.06098829838557462,
      "tz": 0.0
    },
    {
      "R": [
        [
          -0.5762068059487673,
          -0.05023812154280122,
          -0.8157584494948064
        ],
        [
          -0.6175237769329398,
          0.6805991976364313,
          0.3942703604116379
        ],
        [
          0.5353971439042206,
          0.7309315038500507,
          -0.42318912436250855
        ]
      ],
      "tx": -0.023858607736517698,
      "ty": 0.03751046261793298,
      "tz": 0.0
    },
    {
      "R": [
        [
          0.593417372216076,
          -0.7489396602990954,
          0.29486472760105215
        ],
        [
          -0.36560353405950585,
          0.07556030237044176,
          0.9276986022350617
        ],
        [
          -0.7170703439937862,
          -0.6583160532272954,
          -0.22897619052615537
        ]
      ],
      "tx": -0.029739850270935203,
      "ty": 0.09543290408257929,
      "tz": 0.0
    },
    {
      "R": [
        [
          -0.5269302530265352,
          0.45140853853911517,
          0.7201214062777
        ],
        [
          0.6056815451910469,
          0.7938433789019095,
          -0.05442936329395556
        ],
        [
          -0.5962334897172231,
          0.4074837679068698,
          -0.6917099136430263
        ]
      ],
      "tx": 0.07891973025136312,
      "ty": -0.06957749449138545,
      "tz": 0.0
    },
    {
      "R": [
        [
          0.6765143237397596,
          0.31179819082703275,
          -0.6671658399318157
        ],
        [
          -0.7251404439682209,
          0.4400588963722498,
          -0.5296409201007879
        ],
        [
          0.12845118254226923,
          0.8420986022554762,
          0.52380362520974
        ]
      ],
      "tx": -0.09632453824829806,
      "ty": 0.04278110655835568,
      "tz": 0.0
    },
    {
      "R": [
        [
          0.46083386959238837,
          -0.27546624862627966,
          0.8436530628784977
        ],
        [
          0.11216069861660763,
          -0.9249102904811146,
          -0.3632642732887104
        ],
        [
          0.8803704460750259,
          0.2620291976667964,
          -0.3953335012970125
        ]
      ],
      "tx": 0.0452155464946343,
      "ty": -0.022830640339834382,
      "tz": 0.0
    },
    {
      "R": [
        [
          0.31902697746417064,
          -0.8500933527567033,
          0.41900248119664224
        ],
        [
          -0.8791135469731338,
          -0.4306101449277888,
          -0.20428968308160747
        ],
        [
          0.3540920207776374,
          -0.3031768373146856,
          -0.8847048356019496
        ]
      ],
      "tx": 0.09512302055506688,
      "ty": 0.07715576093633822,
      "tz": 0.0
    },
    {
      "R": [
        [
          -0.3550408914266634,
          0.9306373683198851,
          0.08865694615538389
        ],
        [
          -0.8860881487989906,
          -0.3047762425344027,
          -0.3492266234762018
        ],
        [
          -0.2979828148953191,
          -0.2025476010059104,
          0.9328347717328147
        ]
      ],
      "tx": -0.09161733189471313,
      "ty": -0.06878063139712363,
      "tz": 0.0
    },
    {
      "R": [
        [
          0.5172282196944419,
          0.7882255270956635,
          -0.33342988346349745
        ],
        [
          0.037522222899994906,
          0.3683309778091539,
          0.9289372280056364
        ],
        [
          0.8550245911904295,
          -0.49298357905808177,
          0.1609352019873922
        ]
      ],
      "tx": 0.05058979918782627,
      "ty": 0.03679603727232625,
      "tz": 0.0
    },
    {
      "R": [
        [
          -0.16335333032154042,
          0.5391335708008429,
          0.8262267741415757
        ],
        [
          -0.6430866372846793,
          0.5769147899584683,
          -0.5035959710651584
        ],
        [
          -0.748167939983227,
          -0.6135994768272778,
          0.25246864284212767
        ]
      ],
      "tx": 0.019704620393860103,
      "ty": -0.08538977152118558,
      "tz": 0.0
    },
    {
      "R": [
        [
          0.01949622035951548,
          -0.9997868992912073,
          -0.006786265347474937
        ],
        [
          0.9875111063971647,
          0.020317308259804046,
          -0.15623386869473443
        ],
        [
          0.15633845379157563,
          -0.003655542469897591,
          0.9876967777993964
        ]
      ],
      "tx": -0.06293533301102669,
      "ty": -0.011006442103942193,
      "tz": 0.0
    },
    {
      "R": [
        [
          -0.48956239216470565,
          0.10295121488499337,
          -0.8658693386023519
        ],
        [
          0.7570138198276462,
          -0.4426202221996842,
          -0.48064271084648486
        ],
        [
          -0.4327340300553293,
          -0.8907796507855383,
          0.13875472236456576
        ]
      ],
      "tx": 0.09758377065879684,
      "ty": 0.0016315003502512665,
      "tz": 0.0
    },
    {
      "R": [
        [
          -0.15538434762455622,
          0.40731081536841496,
          -0.8999742241848976
        ],
        [
          0.16826520617122576,
          0.9086389800906425,
          0.3821806173159387
        ],
        [
          0.9734179600281916,
          -0.09204946248487345,
          -0.209724513471363
        ]
      ],
      "tx": 0.03300447645334936,
      "ty": 0.0987534851795106,
      "tz": 0.0
    }
  ],
  "points_N": 64655
}