{
  "type": "scene",
  "distance_m": 0.3,
  "num_objects": 10,
  "intrinsics": {
    "width": 640,
    "height": 480,
    "fx": 554.2562584220408,
    "fy": 554.2562584220408,
    "cx": -0.002865378939071725,
    "cy": 0.09329913071813858
  },
  "T_wc": [
    [
      0.999999999999,
      0.0,
      0.0,
      0.0
    ],
    [
      -0.0,
      0.9999999999956668,
      0.0,
      0.0
    ],
    [
      0.0,
      0.0,
      -0.9999999999966668,
      0.31501416601240634
    ],
    [
      0.0,
      0.0,
      0.0,
      1.0
    ]
  ],
  "bin_size": {
    "w": 0.25,
    "d": 0.25
  },
  "z_floor": 0.0,
  "piece_aabb": {
    "w": 0.0300283320248127,
    "d": 0.0300283320248127,
    "h": 0.0300283320248127
  },
  "poses": [
    {
      "R": [
        [
          0.10794001112306706,
          0.9712709795715471,
          0.21208875085887952
        ],
        [
          -0.9906216396220906,
          0.12305658516561757,
          -0.05937881743364655
        ],
        [
          -0.0837718396073131,
          -0.20369035590696188,
          0.9754447794720631
        ]
      ],
      "tx": -0.014254983194746537,
      "ty": -0.006329009337628352,
      "tz": 0.0
    },
    {
      "R": [
        [
          0.8448485588305733,
          0.5241912449412106,
          -0.10702547065482645
        ],
        [
          -0.27531836356008066,
          0.25445399342808783,
          -0.9270668605419449
        ],
        [
          -0.4587272733645805,
          0.8126971785083804,
          0.3592945653861396
        ]
      ],
      "tx": -0.061755101984075265,
      "ty": -0.0977693429089921,
      "tz": 0.0
    },
    {
      "R": [
        [
          0.30857076569329434,
          0.8690757456337983,
          -0.3866412172939033
        ],
        [
          -0.4837913407755323,
          0.49336724518728936,
          0.7228656168105645
        ],
        [
          0.81898108717483,
          -0.036001523958889836,
          0.5726900288311041
        ]
      ],
      "tx": -0.06145336447515834,
      "ty": 0.055899710323959045,
      "tz": 0.0
    },
    {
      "R": [
        [
          0.7135012226786044,
          0.2727721591483013,
          -0.6453769088135324
        ],
        [
          -0.42750437114340195,
          0.899263104768674,
          -0.09255204511565025
        ],
        [
          0.5551180215858795,
          0.34193744690422356,
          0.7582366151243294
        ]
      ],
      "tx": 0.06472155977530039,
      "ty": -0.052755829005829695,
      "tz": 0.0
    },
    {
      "R": [
        [
          0.804475266290356,
          0.4018355819448344,
          0.43743309318125106
        ],
        [
          0.2659641589879135,
          0.4148003736193826,
          -0.8701745320216356
        ],
        [
          -0.531114499953553,
          0.8163754131086243,
          0.2268227784214154
        ]
      ],
      "tx": 0.0778390090917005,
      "ty": 0.0651154801300888,
      "tz": 0.0
    },
    {
      "R": [
        [
          -0.648420437785685,
          -0.727072461717375,
          -0.22564700590536618
        ],
        [
          -0.285775273316894,
          0.507197562877164,
          -0.813070184776271
        ],
        [
          0.7056085522600153,
          -0.46272699037737286,
          -0.536656597233113
        ]
      ],
      "tx": -0.06942964853471313,
      "ty": -0.02719948109172801,
      "tz": 0.0
    },
    {
      "R": [
        [
          -0.9771822462707354,
          -0.08389692273059568,
          -0.19513114546277827
        ],
        [
          0.20845912924387044,
          -0.20260755969997923,
          -0.9568150125219119
        ],
        [
          0.040738789969349584,
          -0.9756595118732536,
          0.21547358975771835
        ]
      ],
      "tx": 0.09326587053374982,
      "ty": -0.0001405056163899937,
      "tz": 0.0
    },
    {
      "R": [
        [
          0.6443350418012512,
          0.171978182926919,
          0.7451549224853414
        ],
        [
          0.4249350568696514,
          -0.8906304016034032,
          -0.16188787843117494
        ],
        [
          0.6358164446993849,
          0.4209524822790762,
          -0.6469439359889835
        ]
      ],
      "tx": 0.0006264074822518312,
      "ty": -0.08179559899947624,
      "tz": 0.0
    },
    {
      "R": [
        [
          0.6503315674463457,
          -0.7277964079863735,
          -0.21767232461870578
        ],
        [
          0.3083272577804789,
          0.5147673789711966,
          -0.7999680291465993
        ],
        [
          0.6942644701353723,
          0.453130151357484,
          0.5591689471335066
        ]
      ],
      "tx": 0.026183032127203437,
      "ty": 0.0350002894764202,
      "tz": 0.0
    },
    {
      "R": [
        [
          0.5929901161653262,
          0.7331451553821257,
          0.33295781004498426
        ],
        [
          -0.7945636498187593,
          0.5997988163349035,
          0.09439272381884561
        ],
        [
          -0.13050413218333357,
          -0.32053012504750267,
          0.9382052602816227
        ]
      ],
      "tx": -0.002865378939071725,
      "ty": 0.09329913071813858,
      "tz": 0.0
    }
  ],
  "points_N": 48897
}