{
  "type": "scene",
  "distance_m": 0.3,
  "num_objects": 4,
  "intrinsics": {
    "width": 640,
    "height": 480,
    "fx": 554.2562584220408,
    "fy": 554.2562584220408,
    "cx": 0.08758875611670652,
    "cy": -0.00671447039409713
  },
  "T_wc": [
    [
      0.999999999999,
      0.0,
      0.0,
      0.0
    ],
    [
      -0.0,
      0.9999999999956668,
      0.0,
      0.0
    ],
    [
      0.0,
      0.0,
      -0.9999999999966668,
      0.31501416601240634
    ],
    [
      0.0,
      0.0,
      0.0,
      1.0
    ]
  ],
  "bin_size": {
    "w": 0.25,
    "d": 0.25
  },
  "z_floor": 0.0,
  "piece_aabb": {
    "w": 0.0300283320248127,
    "d": 0.0300283320248127,
    "h": 0.0300283320248127
  },
  "poses": [
    {
      "R": [
        [
          -0.829053716215308,
          -0.5580958417169565,
          0.034626104138783365
        ],
        [
          0.11058238053221867,
          -0.1029394531376655,
          0.9885216265229335
        ],
        [
          -0.5481254169853973,
          0.8233665650522617,
          0.1470579029111464
        ]
      ],
      "tx": 0.06816995403771794,
      "ty": 0.08979236011937683,
      "tz": 0.0
    },
    {
      "R": [
        [
          0.3115983629931266,
          -0.7841456595646614,
          -0.5366768532048927
        ],
        [
          -0.9354320081122527,
          -0.1539052706857038,
          -0.31824538622616194
        ],
        [
          0.16695334192247357,
          0.6011894478790047,
          -0.7814715793807574
        ]
      ],
      "tx": 0.026199978423315673,
      "ty": -0.02641050601557493,
      "tz": 0.0
    },
    {
      "R": [
        [
          0.5647270448461401,
          -0.7476721503964985,
          0.34938477405408097
        ],
        [
          0.4494842220461647,
          0.633705923620268,
          0.6295877512310235
        ],
        [
          -0.6921324287669952,
          -0.19850228686354915,
          0.693937708414121
        ]
      ],
      "tx": 0.0065831736337418345,
      "ty": 0.0556632933242408,
      "tz": 0.0
    },
    {
      "R": [
        [
          0.7830724943640146,
          -0.1859631998036685,
          0.5934771746995002
        ],
        [
          0.0450156904749746,
          0.9686948138129909,
          0.2441391924760875
        ],
        [
          -0.6202991666781292,
          -0.164462901624031,
          0.7669295259721214
        ]
      ],
      "tx": 0.08758875611670652,
      "ty": -0.00671447039409713,
      "tz": 0.0
    }
  ],
  "points_N": 19803
}