{
  "type": "scene",
  "distance_m": 0.3,
  "num_objects": 13,
  "intrinsics": {
    "width": 640,
    "height": 480,
    "fx": 554.2562584220408,
    "fy": 554.2562584220408,
    "cx": 0.09047223544064245,
    "cy": -0.013485154812610159
  },
  "T_wc": [
    [
      0.999999999999,
      0.0,
      0.0,
      0.0
    ],
    [
      -0.0,
      0.9999999999956668,
      0.0,
      0.0
    ],
    [
      0.0,
      0.0,
      -0.9999999999966668,
      0.31501416601240634
    ],
    [
      0.0,
      0.0,
      0.0,
      1.0
    ]
  ],
  "bin_size": {
    "w": 0.25,
    "d": 0.25
  },
  "z_floor": 0.0,
  "piece_aabb": {
    "w": 0.0300283320248127,
    "d": 0.0300283320248127,
    "h": 0.0300283320248127
  },
  "poses": [
    {
      "R": [
        [
          0.38993201362861984,
          -0.7741600479444227,
          -0.4986273607757792
        ],
        [
          -0.8092287093831979,
          -0.029680964174293,
          -0.5867435012641286
        ],
        [
          0.4394336362382082,
          0.6322936505551623,
          -0.6380460945810209
        ]
      ],
      "tx": 0.05598134704980598,
      "ty": 0.0393767988510203,
      "tz": 0.0
    },
    {
      "R": [
        [
          0.2312829345598919,
          -0.5948364315174322,
          -0.7698557163007703
        ],
        [
          -0.9085546956730857,
          0.15091291489083236,
          -0.3895557175675119
        ],
        [
          0.34790310310739037,
          0.7895536155694303,
          -0.5055378511936459
        ]
      ],
      "tx": 0.012373538965213537,
      "ty": -0.0004783301946069962,
      "tz": 0.0
    },
    {
      "R": [
        [
          0.29727973061697777,
          -0.949317572406893,
          0.10208285107588239
        ],
        [
          -0.0020639869221986684,
          0.10627729932434571,
          0.9943343882247604
        ],
        [
          -0.9547881973098966,
          -0.29580615674425553,
          0.02963470785938016
        ]
      ],
      "tx": 0.04455802026729136,
      "ty": -0.06140224723495829,
      "tz": 0.0
    },
    {
      "R": [
        [
          -0.01630039243114023,
          -0.7581354468049082,
          -0.6518933513271269
        ],
        [
          -0.8807720812058235,
          0.319484302828159,
          -0.3495287130047647
        ],
        [
          0.473259799872071,
          0.5684720085847035,
          -0.672952254829954
        ]
      ],
      "tx": -0.0775437164509751,
      "ty": 0.09834076235489234,
      "tz": 0.0
    },
    {
      "R": [
        [
          0.13685850871470806,
          0.8928424353886248,
          -0.4290712460206296
        ],
        [
          0.47445018467825295,
          -0.4393141267114311,
          -0.7628237806535298
        ],
        [
          -0.8695785018335942,
          -0.09917400688225797,
          -0.4837331345977449
        ]
      ],
      "tx": -0.09362415596419194,
      "ty": -0.016917690862075063,
      "tz": 0.0
    },
    {
      "R": [
        [
          0.7352198982652045,
          0.5122610722995865,
          0.44389221101679643
        ],
        [
          -0.06044088286827934,
          0.7018100858285524,
          -0.7097953952424761
        ],
        [
          -0.6751285809925434,
          0.4950264611470762,
          0.5469462513732013
        ]
      ],
      "tx": -0.01927493409139916,
      "ty": -0.07565808578326746,
      "tz": 0.0
    },
    {
      "R": [
        [
          0.8114577698124287,
          -0.2667612110855509,
          0.5199757148860028
        ],
        [
          0.4572779673346051,
          -0.2642219343727523,
          -0.8491664324422231
        ],
        [
          0.36391365514551854,
          0.9268361374355724,
          -0.09242091723272128
        ]
      ],
      "tx": -0.04667941305352771,
      "ty": 0.017145557768005998,
      "tz": 0.0
    },
    {
      "R": [
        [
          -0.8827530799379166,
          0.3549589501094933,
          0.3078167370324243
        ],
        [
          0.05341635607332404,
          0.7267304875329061,
          -0.6848426763819792
        ],
        [
          -0.46679084477308497,
          -0.5881045334184652,
          -0.6604841898249187
        ]
      ],
      "tx": 0.08110008575708039,
      "ty": 0.09162013219694623,
      "tz": 0.0
    },
    {
      "R": [
        [
          -0.9393127034513336,
          -0.1440145880121277,
          0.31137026764712816
        ],
        [
          -0.11723133697093552,
          -0.7182376560886716,
          -0.685850918938116
        ],
        [
          0.3224103887391876,
          -0.6807308336016141,
          0.6577667317652189
        ]
      ],
      "tx": -0.09885370171146243,
      "ty": 0.042371645882931325,
      "tz": 0.0
    },
    {
      "R": [
        [
          0.01666642890172121,
          -0.3351281450821384,
          -0.942025135822537
        ],
        [
          0.7308763561956255,
          -0.6388449733867425,
          0.2402016901120752
        ],
        [
          -0.6823063696770456,
          -0.692507203104991,
          0.2342899732080601
        ]
      ],
      "tx": -0.0769101683988897,
      "ty": -0.09626414126245088,
      "tz": 0.0
    },
    {
      "R": [
        [
          -0.9107291196356442,
          0.34164724051206424,
          -0.23205523846312032
        ],
        [
          0.3986535153025284,
          0.5803731127113668,
          -0.7101002920564501
        ],
        [
          -0.10792518420007745,
          -0.7392186503952742,
          -0.6647615674233642
        ]
      ],
      "tx": -0.0034981664229305487,
      "ty": 0.06292886362050543,
      "tz": 0.0
    },
    {
      "R": [
        [
          -0.570038770018892,
          0.5092368803324058,
          -0.6447740692557882
        ],
        [
          -0.7199811327931135,
          0.06847234393697932,
          0.690607490936582
        ],
        [
          0.39583199605046326,
          0.8578982094777301,
          0.32760905524361017
        ]
      ],
      "tx": 0.0978648968652365,
      "ty": -0.09725848050020394,
      "tz": 0.0
    },
    {
      "R": [
        [
          -0.16090262811670386,
          0.9734994862814585,
          -0.1625087519946976
        ],
        [
          -0.6320839939243075,
          0.024817105343009294,
          0.7745023795361059
        ],
        [
          0.7580106654195797,
          0.22733864935846332,
          0.6113403059001064
        ]
      ],
      "tx": 0.09047223544064245,
      "ty": -0.013485154812610159,
      "tz": 0.0
    }
  ],
  "points_N": 65715
}