{
  "type": "scene",
  "distance_m": 0.3,
  "num_objects": 12,
  "intrinsics": {
    "width": 640,
    "height": 480,
    "fx": 554.2562584220408,
    "fy": 554.2562584220408,
    "cx": 0.0344844083923983,
    "cy": 0.018195761649168238
  },
  "T_wc": [
    [
      0.999999999999,
      0.0,
      0.0,
      0.0
    ],
    [
      -0.0,
      0.9999999999956668,
      0.0,
      0.0
    ],
    [
      0.0,
      0.0,
      -0.9999999999966668,
      0.31501416601240634
    ],
    [
      0.0,
      0.0,
      0.0,
      1.0
    ]
  ],
  "bin_size": {
    "w": 0.25,
    "d": 0.25
  },
  "z_floor": 0.0,
  "piece_aabb": {
    "w": 0.0300283320248127,
    "d": 0.0300283320248127,
    "h": 0.0300283320248127
  },
  "poses": [
    {
      "R": [
        [
          -0.6165653065260597,
          0.787286628738611,
          -0.005194901136542973
        ],
        [
          -0.3135162512092692,
          -0.25157288093758634,
          -0.915652033146025
        ],
        [
          -0.722187498518295,
          -0.562930590558157,
          0.40193826291824
        ]
      ],
      "tx": -0.012465417559355235,
      "ty": 0.05507960645959806,
      "tz": 0.0
    },
    {
      "R": [
        [
          0.18831921395312556,
          -0.36752962927803556,
          0.9107457632395699
        ],
        [
          0.8688496483671656,
          0.49467318387089343,
          0.019968217028221213
        ],
        [
          -0.45786041780037046,
          0.7875407372077861,
          0.4124844543129924
        ]
      ],
      "tx": 0.025739141290388998,
      "ty": -0.09768858541312518,
      "tz": 0.0
    },
    {
      "R": [
        [
          -0.05388131891106562,
          0.9718006610761735,
          0.2295654124739102
        ],
        [
          -0.9985203822227079,
          -0.05412617061404701,
          -0.005234877312473782
        ],
        [
          0.00733823944973222,
          -0.2295078055024961,
          0.9732791570023509
        ]
      ],
      "tx": -0.06293070063956205,
      "ty": -0.056373925470011584,
      "tz": 0.0
    },
    {
      "R": [
        [
          0.6527012505559862,
          0.027044735817412804,
          0.7571325245868243
        ],
        [
          -0.257451201142759,
          0.9478094829253886,
          0.18808525488952668
        ],
        [
          -0.7125306706049941,
          -0.3176881589566629,
          0.6255991345150052
        ]
      ],
      "tx": 0.09468214163410821,
      "ty": 0.019740971795276743,
      "tz": 0.0
    },
    {
      "R": [
        [
          0.3714124370428581,
          -0.8998264527839995,
          -0.22883434287722088
        ],
        [
          0.40664461035412114,
          0.3792193776832252,
          -0.8311635365314651
        ],
        [
          0.8346813538589621,
          0.21565022248936322,
          0.5067563705178832
        ]
      ],
      "tx": -0.02512936226397182,
      "ty": -0.003622646828776291,
      "tz": 0.0
    },
    {
      "R": [
        [
          0.28514785814982724,
          0.7824261619290667,
          0.5536244215364023
        ],
        [
          -0.48389546746211676,
          0.6161061829940473,
          -0.6214968606888736
        ],
        [
          -0.8273668325248393,
          -0.09067784958552749,
          0.5542938318548736
        ]
      ],
      "tx": 0.09871349287100917,
      "ty": 0.0986362843654166,
      "tz": 0.0
    },
    {
      "R": [
        [
          0.8863036461543302,
          0.17611733829064513,
          -0.42830891885058653
        ],
        [
          0.008363707579484403,
          0.9186262153375371,
          0.39503914349106944
        ],
        [
          0.46302904359129005,
          -0.3537068838007699,
          0.812708770189472
        ]
      ],
      "tx": -0.07457632999547406,
      "ty": 0.07813502113798929,
      "tz": 0.0
    },
    {
      "R": [
        [
          -0.9043362773478048,
          -0.386743373642619,
          -0.1805698214437852
        ],
        [
          -0.3719846122937872,
          0.9215931589162454,
          -0.11087604635545427
        ],
        [
          0.2092924883729842,
          -0.0331000359864093,
          -0.9772927104651621
        ]
      ],
      "tx": 0.06891746163187965,
      "ty": -0.034277885077332926,
      "tz": 0.0
    },
    {
      "R": [
        [
          -0.11823077721297759,
          0.7639373229850701,
          -0.6343668101895151
        ],
        [
          0.9906600172775133,
          0.04704363793963995,
          -0.127982914082784
        ],
        [
          -0.0679280022327502,
          -0.6435733545446152,
          -0.7623641674638564
        ]
      ],
      "tx": 0.03570244394328351,
      "ty": 0.0986556381720678,
      "tz": 0.0
    },
    {
      "R": [
        [
          0.536451909728889,
          0.5614177990253868,
          -0.6301026928094485
        ],
        [
          -0.12144159749397834,
          0.7902111568022662,
          0.6006815013493714
        ],
        [
          0.8351474641920064,
          -0.24571606093764953,
          0.49208975853084647
        ]
      ],
      "tx": 0.09284389895696335,
      "ty": -0.09802555533773996,
      "tz": 0.0
    },
    {
      "R": [
        [
          0.5331091588638842,
          0.1024406210084779,
          -0.8398217334070601
        ],
        [
          -0.6448764679165797,
          -0.5933501264053207,
          -0.4817364098988429
        ],
        [
          -0.547657708667447,
          0.7983993653944038,
          -0.25025884095259165
        ]
      ],
      "tx": -0.08954047434736717,
      "ty": 0.014700073822568646,
      "tz": 0.0
    },
    {
      "R": [
        [
          -0.47396023176292834,
          -0.38020337443019137,
          0.7942336512507682
        ],
        [
          -0.3121656373155779,
          0.9159458224117538,
          0.25218220652102896
        ],
        [
          -0.8233555207725216,
          -0.12840811687098097,
          -0.5528083229610947
        ]
      ],
      "tx": 0.0344844083923983,
      "ty": 0.018195761649168238,
      "tz": 0.0
    }
  ],
  "points_N": 61459
}