{
  "type": "scene",
  "distance_m": 0.3,
  "num_objects": 12,
  "intrinsics": {
    "width": 640,
    "height": 480,
    "fx": 554.2562584220408,
    "fy": 554.2562584220408,
    "cx": -0.09714957482137511,
    "cy": 0.018228544236263994
  },
  "T_wc": [
    [
      0.999999999999,
      0.0,
      0.0,
      0.0
    ],
    [
      -0.0,
      0.9999999999956668,
      0.0,
      0.0
    ],
    [
      0.0,
      0.0,
      -0.9999999999966668,
      0.31501416601240634
    ],
    [
      0.0,
      0.0,
      0.0,
      1.0
    ]
  ],
  "bin_size": {
    "w": 0.25,
    "d": 0.25
  },
  "z_floor": 0.0,
  "piece_aabb": {
    "w": 0.0300283320248127,
    "d": 0.0300283320248127,
    "h": 0.0300283320248127
  },
  "poses": [
    {
      "R": [
        [
          -0.25768608759865397,
          -0.5379137063093828,
          -0.8026498145658553
        ],
        [
          -0.37891343859550397,
          0.8204208811596615,
          -0.42817541242922363
        ],
        [
          0.8888320911791102,
          0.1937999543903651,
          -0.41523377917561377
        ]
      ],
      "tx": -0.03532491198958325,
      "ty": -0.09421193430586877,
      "tz": 0.0
    },
    {
      "R": [
        [
          -0.4694731167218147,
          -0.1721942338323084,
          -0.8659931515378222
        ],
        [
          0.21840787243089108,
          0.9276706270821892,
          -0.30286169931034457
        ],
        [
          0.8555074482058685,
          -0.3313251476779906,
          -0.3979078443313737
        ]
      ],
      "tx": 0.0831770255986877,
      "ty": 0.030794618118692385,
      "tz": 0.0
    },
    {
      "R": [
        [
          -0.19016112337890112,
          -0.8798993466956624,
          0.43544906342742357
        ],
        [
          0.07263011543582976,
          0.4297183930348687,
          0.9000372042417513
        ],
        [
          -0.9790626197986787,
          0.20277880158457484,
          -0.017808541233669484
        ]
      ],
      "tx": 0.030831268782854637,
      "ty": 0.002767265526437343,
      "tz": 0.0
    },
    {
      "R": [
        [
          -0.3823746430986721,
          -0.9236961857293012,
          0.02397892375197863
        ],
        [
          0.49658984434606535,
          -0.1835459341338428,
          0.8483568922070979
        ],
        [
          -0.7792227915092792,
          0.3362978538915689,
          0.5288814561510087
        ]
      ],
      "tx": 0.048085151705544726,
      "ty": 0.0951619871112406,
      "tz": 0.0
    },
    {
      "R": [
        [
          0.1985284258185399,
          0.4365329817580167,
          0.8775109229972395
        ],
        [
          0.9061749745216915,
          -0.4228691184194764,
          0.005350162403740033
        ],
        [
          0.37340779275829794,
          0.7941162789696417,
          -0.4795268040295413
        ]
      ],
      "tx": 0.06355248613667969,
      "ty": -0.06721255140272783,
      "tz": 0.0
    },
    {
      "R": [
        [
          0.608425334680591,
          0.6102862030782317,
          -0.5073158409227592
        ],
        [
          0.7344916302544946,
          -0.6751296783336569,
          0.06871653745051556
        ],
        [
          -0.30056722576639266,
          -0.4144281213497085,
          -0.8590161087137109
        ]
      ],
      "tx": -0.04292344873415767,
      "ty": 0.03811308424715815,
      "tz": 0.0
    },
    {
      "R": [
        [
          -0.5227116799596314,
          -0.7270540303447279,
          0.4451572043596138
        ],
        [
          0.5563563719483953,
          -0.6865736789766788,
          -0.46806428055219806
        ],
        [
          0.6459412411560345,
          0.0030033807476693986,
          0.7633812236870161
        ]
      ],
      "tx": -0.081622215357911,
      "ty": -0.039254673527121135,
      "tz": 0.0
    },
    {
      "R": [
        [
          0.7031850866652201,
          -0.34517058205632783,
          0.6216011608535836
        ],
        [
          -0.4959710285021571,
          -0.8645542633301964,
          0.08098558293976812
        ],
        [
          0.509454092905474,
          -0.3652440212248209,
          -0.7791362731777947
        ]
      ],
      "tx": -0.09435660699197791,
      "ty": 0.08257346129018242,
      "tz": 0.0
    },
    {
      "R": [
        [
          -0.5113260645522937,
          0.03259854920526846,
          0.8587682983780753
        ],
        [
          0.24859435622460635,
          0.9621693982722881,
          0.11149392396725749
        ],
        [
          -0.8226460367392143,
          0.2704947016450687,
          -0.5000861072047573
        ]
      ],
      "tx": -0.013428084015377581,
      "ty": 0.09615660643712495,
      "tz": 0.0
    },
    {
      "R": [
        [
          -0.02727146512114853,
          -0.3225954634863497,
          -0.9461439817111204
        ],
        [
          -0.9182122069130716,
          -0.3660618439757084,
          0.15127811957097614
        ],
        [
          -0.3951488457100342,
          0.8728865294659617,
          -0.2862280496577796
        ]
      ],
      "tx": -0.026665304803816736,
      "ty": -0.016868963772916717,
      "tz": 0.0
    },
    {
      "R": [
        [
          0.5272052627131678,
          0.5574416399490079,
          -0.6413372194239942
        ],
        [
          -0.8373011299580655,
          0.21213593553453847,
          -0.503909875499412
        ],
        [
          -0.14484967634926404,
          0.8026563168043013,
          0.5785856966393713
        ]
      ],
      "tx": -0.0925694540148123,
      "ty": -0.0977889797788516,
      "tz": 0.0
    },
    {
      "R": [
        [
          -0.2167260778471214,
          0.8823726169997198,
          0.41767017124768324
        ],
        [
          -0.9599157573344647,
          -0.27051038660833204,
          0.0733884838241779
        ],
        [
          0.17774010802856058,
          -0.3850229804908744,
          0.9056300340050121
        ]
      ],
      "tx": -0.09714957482137511,
      "ty": 0.018228544236263994,
      "tz": 0.0
    }
  ],
  "points_N": 59333
}