{
  "type": "scene",
  "distance_m": 0.3,
  "num_objects": 11,
  "intrinsics": {
    "width": 640,
    "height": 480,
    "fx": 554.2562584220408,
    "fy": 554.2562584220408,
    "cx": -0.036821541940548055,
    "cy": -0.09792536101337553
  },
  "T_wc": [
    [
      0.999999999999,
      0.0,
      0.0,
      0.0
    ],
    [
      -0.0,
      0.9999999999956668,
      0.0,
      0.0
    ],
    [
      0.0,
      0.0,
      -0.9999999999966668,
      0.31501416601240634
    ],
    [
      0.0,
      0.0,
      0.0,
      1.0
    ]
  ],
  "bin_size": {
    "w": 0.25,
    "d": 0.25
  },
  "z_floor": 0.0,
  "piece_aabb": {
    "w": 0.0300283320248127,
    "d": 0.0300283320248127,
    "h": 0.0300283320248127
  },
  "poses": [
    {
      "R": [
        [
          0.7694885929754699,
          0.46433978266488557,
          0.43849272686711527
        ],
        [
          0.6336578357646424,
          -0.4693087319949354,
          -0.6150016758085914
        ],
        [
          -0.0797812788484944,
          0.7510911265006619,
          -0.6553602575967405
        ]
      ],
      "tx": 0.02263801580007843,
      "ty": -0.004809488990026103,
      "tz": 0.0
    },
    {
      "R": [
        [
          0.675284144245653,
          -0.426319471723811,
          0.6018662912637214
        ],
        [
          -0.15808089940699574,
          -0.8807209726436338,
          -0.4464762004724625
        ],
        [
          0.7204177633658759,
          0.20635473431637552,
          -0.6621298738556707
        ]
      ],
      "tx": 0.012998293859194779,
      "ty": 0.06676838085641282,
      "tz": 0.0
    },
    {
      "R": [
        [
          0.028193434481883495,
          0.9518974601466039,
          -0.30511695400052874
        ],
        [
          0.8679573738095117,
          0.12809674398563176,
          0.47983457715130884
        ],
        [
          0.495837803623132,
          -0.2783566948121142,
          -0.822594932485889
        ]
      ],
      "tx": -0.0646895152922693,
      "ty": 0.01751568458777744,
      "tz": 0.0
    },
    {
      "R": [
        [
          0.31283659645195694,
          -0.7953199754619005,
          0.5192296221823614
        ],
        [
          -0.7776043707914322,
          0.09945040401713778,
          0.6208389965739016
        ],
        [
          -0.5454032512246478,
          -0.5979763822862156,
          -0.587332563188415
        ]
      ],
      "tx": -0.07094871930043466,
      "ty": 0.0818209406384533,
      "tz": 0.0
    },
    {
      "R": [
        [
          -0.8341206476431959,
          0.5484572010383095,
          0.05862971775915618
        ],
        [
          -0.25485176941292187,
          -0.28894425501615784,
          -0.9228010582570113
        ],
        [
          -0.4891761654071035,
          -0.7846693036702662,
          0.3807896572587306
        ]
      ],
      "tx": -0.09348726876205049,
      "ty": -0.08306687964437426,
      "tz": 0.0
    },
    {
      "R": [
        [
          -0.20360276063810723,
          0.9463044579223683,
          0.251105134907262
        ],
        [
          -0.30929600451254086,
          0.18117342215975318,
          -0.9335481630293652
        ],
        [
          -0.9289143649729612,
          -0.2677387981208113,
          0.2558007789818154
        ]
      ],
      "tx": 0.026398437221836102,
      "ty": -0.07100860023906841,
      "tz": 0.0
    },
    {
      "R": [
        [
          -0.9257866825530232,
          0.36009176228349854,
          0.11512141913229
        ],
        [
          -0.2502058976210239,
          -0.8119016320074335,
          0.5274587649658726
        ],
        [
          0.28340082428095675,
          0.4595102421918692,
          0.8417448010636264
        ]
      ],
      "tx": 0.07757502600566829,
      "ty": 0.05292826491505978,
      "tz": 0.0
    },
    {
      "R": [
        [
          -0.35458303193442786,
          -0.5867686642985407,
          -0.7279927252806139
        ],
        [
          0.595244502653019,
          -0.7420877880079217,
          0.30820398594254145
        ],
        [
          -0.7210789523523405,
          -0.32404976390489276,
          0.6124025595861226
        ]
      ],
      "tx": 0.0943046271399555,
      "ty": -0.023514779530572114,
      "tz": 0.0
    },
    {
      "R": [
        [
          0.2503654785443581,
          -0.7489110237409671,
          0.6135547291582967
        ],
        [
          -0.8298312704605713,
          0.1604391835482143,
          0.5344523654622328
        ],
        [
          -0.49869548796740515,
          -0.6429553226326372,
          -0.581301353326579
        ]
      ],
      "tx": -0.039102184387315844,
      "ty": -0.0400988154024476,
      "tz": 0.0
    },
    {
      "R": [
        [
          0.5801601703401469,
          -0.10018777516597704,
          0.8083171323547358
        ],
        [
          -0.6610706675307827,
          0.5218226930168127,
          0.5391536419083958
        ],
        [
          -0.47581482667241165,
          -0.8471502149913985,
          0.2365095430605919
        ]
      ],
      "tx": 0.08178253918280431,
      "ty": -0.09072593703482947,
      "tz": 0.0
    },
    {
      "R": [
        [
          -0.9732903889448261,
          0.13521693820239322,
          0.18553220316376184
        ],
        [
          0.08944367235201693,
          -0.5209505626930357,
          0.8488877079484626
        ],
        [
          0.21143710238227886,
          0.8428089290301685,
          0.49494187626751307
        ]
      ],
      "tx": -0.036821541940548055,
      "ty": -0.09792536101337553,
      "tz": 0.0
    }
  ],
  "points_N": 56362
}