{
  "type": "scene",
  "distance_m": 0.3,
  "num_objects": 4,
  "intrinsics": {
    "width": 640,
    "height": 480,
    "fx": 554.2562584220408,
    "fy": 554.2562584220408,
    "cx": 0.06416247850197837,
    "cy": -0.060923220666243075
  },
  "T_wc": [
    [
      0.999999999999,
      0.0,
      0.0,
      0.0
    ],
    [
      -0.0,
      0.9999999999956668,
      0.0,
      0.0
    ],
    [
      0.0,
      0.0,
      -0.9999999999966668,
      0.31501416601240634
    ],
    [
      0.0,
      0.0,
      0.0,
      1.0
    ]
  ],
  "bin_size": {
    "w": 0.25,
    "d": 0.25
  },
  "z_floor": 0.0,
  "piece_aabb": {
    "w": 0.0300283320248127,
    "d": 0.0300283320248127,
    "h": 0.0300283320248127
  },
  "poses": [
    {
      "R": [
        [
          -0.8595118789524441,
          -0.06300624876218085,
          -0.5072174509582237
        ],
        [
          0.2307845029573521,
          0.8376088741476022,
          -0.4951261325600924
        ],
        [
          0.4560458783218721,
          -0.5426247198258705,
          -0.7053939114420598
        ]
      ],
      "tx": -0.0772408909429543,
      "ty": -0.07022793588802692,
      "tz": 0.0
    },
    {
      "R": [
        [
          0.4507974610545712,
          0.774358191710151,
          0.444016936656855
        ],
        [
          0.322800540414635,
          0.3223400886940273,
          -0.8898857670109946
        ],
        [
          -0.8322147921148555,
          0.5444871515032396,
          -0.10465314917916335
        ]
      ],
      "tx": -0.05239789789664477,
      "ty": 0.06907703035811993,
      "tz": 0.0
    },
    {
      "R": [
        [
          0.9975463079525136,
          0.04381434074234229,
          -0.054604642985947104
        ],
        [
          0.05184888267584274,
          0.06174267000228395,
          0.9967444687914028
        ],
        [
          0.047043138241145345,
          -0.997129954542688,
          0.059319447891239774
        ]
      ],
      "tx": 0.00969550969749966,
      "ty": 0.06946158312169554,
      "tz": 0.0
    },
    {
      "R": [
        [
          -0.8313900382097175,
          0.46970063254713135,
          0.29693756944932004
        ],
        [
          0.05448651084444958,
          -0.4628790295681484,
          0.8847452877083026
        ],
        [
          0.5530115952687092,
          0.7517475106515978,
          0.3592406654702155
        ]
      ],
      "tx": 0.06416247850197837,
      "ty": -0.060923220666243075,
      "tz": 0.0
    }
  ],
  "points_N": 19479
}