{
  "type": "scene",
  "distance_m": 0.3,
  "num_objects": 10,
  "intrinsics": {
    "width": 640,
    "height": 480,
    "fx": 554.2562584220408,
    "fy": 554.2562584220408,
    "cx": -0.09296023161843252,
    "cy": -0.08534645035977442
  },
  "T_wc": [
    [
      0.999999999999,
      0.0,
      0.0,
      0.0
    ],
    [
      -0.0,
      0.9999999999956668,
      0.0,
      0.0
    ],
    [
      0.0,
      0.0,
      -0.9999999999966668,
      0.31501416601240634
    ],
    [
      0.0,
      0.0,
      0.0,
      1.0
    ]
  ],
  "bin_size": {
    "w": 0.25,
    "d": 0.25
  },
  "z_floor": 0.0,
  "piece_aabb": {
    "w": 0.0300283320248127,
    "d": 0.0300283320248127,
    "h": 0.0300283320248127
  },
  "poses": [
    {
      "R": [
        [
          -0.15031732831648603,
          -0.29309767543200405,
          0.9441919579535454
        ],
        [
          0.7856572159028015,
          -0.6151447707921807,
          -0.06587602042393542
        ],
        [
          0.6001228540121204,
          0.7319089175733491,
          0.3227412221408289
        ]
      ],
      "tx": -0.042435038606954516,
      "ty": -0.02673528446517387,
      "tz": 0.0
    },
    {
      "R": [
        [
          0.29018989933567196,
          0.8320047698100775,
          0.47281908309292314
        ],
        [
          0.7966547847997784,
          -0.48378017308375587,
          0.3623505181266758
        ],
        [
          0.5302178572805443,
          0.27152312451121247,
          -0.8032087005732056
        ]
      ],
      "tx": -0.09801372044145902,
      "ty": 0.08816195089124082,
      "tz": 0.0
    },
    {
      "R": [
        [
          -0.5737833677696464,
          -0.036362363551357246,
          0.8181995021923942
        ],
        [
          0.41879361324433173,
          0.8455028434399194,
          0.3312655298107068
        ],
        [
          -0.7038356032318058,
          0.5327313771986498,
          -0.4699071433499922
        ]
      ],
      "tx": -0.01898339710043559,
      "ty": -0.08180623282509307,
      "tz": 0.0
    },
    {
      "R": [
        [
          -0.9127179684056488,
          0.21416120650968895,
          -0.3479667911967757
        ],
        [
          -0.24890692262924202,
          -0.9667979522443118,
          0.05785381062166092
        ],
        [
          -0.3240235392941487,
          0.13941555566908892,
          0.9357200696900609
        ]
      ],
      "tx": 0.037933379620324864,
      "ty": 0.08674528563144962,
      "tz": 0.0
    },
    {
      "R": [
        [
          -0.5629820385801103,
          -0.7040541760021363,
          0.4328497909091977
        ],
        [
          -0.0437660983605076,
          -0.4976017400716779,
          -0.8663007773931273
        ],
        [
          0.825309489143607,
          -0.5066559242045743,
          0.24932713770852777
        ]
      ],
      "tx": -0.08028418743199284,
      "ty": 0.01947393868772733,
      "tz": 0.0
    },
    {
      "R": [
        [
          -0.2255941747596315,
          0.9086821706632832,
          0.35128902777226767
        ],
        [
          0.8347245992268001,
          -0.005639316935448724,
          0.550638757762437
        ],
        [
          0.5023366518184583,
          0.41745048906806387,
          -0.7572271636811874
        ]
      ],
      "tx": -0.008893533133544879,
      "ty": 0.025238927162461913,
      "tz": 0.0
    },
    {
      "R": [
        [
          0.22589326332534976,
          -0.1916003967108689,
          -0.955123825252235
        ],
        [
          0.4562877826088927,
          0.8870719913035479,
          -0.07003386100036263
        ],
        [
          0.8606821091588254,
          -0.4199911549366199,
          0.28780850708226124
        ]
      ],
      "tx": 0.017034667595935832,
      "ty": -0.03201456073605195,
      "tz": 0.0
    },
    {
      "R": [
        [
          -0.8058280325533711,
          0.47826285321141704,
          -0.3491501470560158
        ],
        [
          -0.5144778844813027,
          -0.8574061292622073,
          0.01293197135948515
        ],
        [
          -0.29317859459859325,
          0.19005097406136523,
          0.9369775551887676
        ]
      ],
      "tx": 0.0546809328099013,
      "ty": 0.014090927063883554,
      "tz": 0.0
    },
    {
      "R": [
        [
          0.49392764878833795,
          -0.8238260588571904,
          0.27811167273283094
        ],
        [
          0.862206778445298,
          0.5054024554477434,
          -0.03417351650580437
        ],
        [
          -0.11240528886758404,
          0.25666901405354864,
          0.9599406587177013
        ]
      ],
      "tx": 0.0710609687345124,
      "ty": -0.07482416598363101,
      "tz": 0.0
    },
    {
      "R": [
        [
          -0.10849321448354243,
          -0.8668013085570941,
          0.48670803763112164
        ],
        [
          0.5138071860583887,
          -0.46802574593563206,
          -0.7189951854471317
        ],
        [
          0.8510178599569977,
          0.17206798837989695,
          0.4961463588590642
        ]
      ],
      "tx": -0.09296023161843252,
      "ty": -0.08534645035977442,
      "tz": 0.0
    }
  ],
  "points_N": 50170
}