{
  "type": "scene",
  "distance_m": 0.3,
  "num_objects": 10,
  "intrinsics": {
    "width": 640,
    "height": 480,
    "fx": 554.2562584220408,
    "fy": 554.2562584220408,
    "cx": 0.006469729806747565,
    "cy": 0.01920947845992664
  },
  "T_wc": [
    [
      0.999999999999,
      0.0,
      0.0,
      0.0
    ],
    [
      -0.0,
      0.9999999999956668,
      0.0,
      0.0
    ],
    [
      0.0,
      0.0,
      -0.9999999999966668,
      0.31501416601240634
    ],
    [
      0.0,
      0.0,
      0.0,
      1.0
    ]
  ],
  "bin_size": {
    "w": 0.25,
    "d": 0.25
  },
  "z_floor": 0.0,
  "piece_aabb": {
    "w": 0.0300283320248127,
    "d": 0.0300283320248127,
    "h": 0.0300283320248127
  },
  "poses": [
    {
      "R": [
        [
          -0.573765017653155,
          -0.5841726945014931,
          0.5740522341358318
        ],
        [
          -0.19057675315480274,
          -0.5864363663468026,
          -0.7872565588059157
        ],
        [
          0.7965388915015061,
          -0.5611012842837058,
          0.22514693668963826
        ]
      ],
      "tx": 0.007666165072207881,
      "ty": 0.0767045004343771,
      "tz": 0.0
    },
    {
      "R": [
        [
          -0.21649477468674827,
          -0.9169904591102024,
          0.335050011840313
        ],
        [
          -0.7382581934773903,
          0.3783345234656693,
          0.5584244157605439
        ],
        [
          -0.6388308479533795,
          -0.12645744839614967,
          -0.7588831671926193
        ]
      ],
      "tx": -0.08636727387975335,
      "ty": 0.06476615930639498,
      "tz": 0.0
    },
    {
      "R": [
        [
          0.6277868774315305,
          0.3769990802786566,
          0.6809958369871401
        ],
        [
          0.533536533093694,
          0.4286131759679227,
          -0.7291292843118099
        ],
        [
          -0.5667648581017792,
          0.821073954559355,
          0.06793494509552778
        ]
      ],
      "tx": -0.04749179321060964,
      "ty": -0.011170666570237561,
      "tz": 0.0
    },
    {
      "R": [
        [
          0.9033544682381193,
          -0.23607597206295974,
          0.35807658416706534
        ],
        [
          -0.3838022696556982,
          -0.07231379060225507,
          0.9205794552866514
        ],
        [
          -0.19143281464095832,
          -0.9690401700152899,
          -0.155931479744722
        ]
      ],
      "tx": 0.0634326803399852,
      "ty": 0.007525422460968129,
      "tz": 0.0
    },
    {
      "R": [
        [
          -0.3460454954425005,
          -0.3561552545630292,
          0.8679896023173883
        ],
        [
          0.7978811473429247,
          0.37500788590794476,
          0.47196902464207524
        ],
        [
          -0.4935971938723844,
          0.8558752947445075,
          0.15439977346910172
        ]
      ],
      "tx": 0.041811906381164776,
      "ty": -0.05347903792239646,
      "tz": 0.0
    },
    {
      "R": [
        [
          -0.367738292352513,
          -0.5510547308478042,
          -0.7490709124962147
        ],
        [
          -0.261972652193304,
          -0.7115007267013249,
          0.6520253410767811
        ],
        [
          -0.8922661474248947,
          0.436010779125632,
          0.1172847929008507
        ]
      ],
      "tx": -0.04378271914122417,
      "ty": -0.07675920512144724,
      "tz": 0.0
    },
    {
      "R": [
        [
          -0.36371126817313093,
          -0.755666142410784,
          0.5446859596298567
        ],
        [
          0.10715847990424865,
          -0.6147933309055262,
          -0.7813745711620638
        ],
        [
          0.9253276033862298,
          -0.2258270167364681,
          0.3045832971838792
        ]
      ],
      "tx": 0.0822945990430658,
      "ty": 0.09118227064333254,
      "tz": 0.0
    },
    {
      "R": [
        [
          -0.08506222942449249,
          0.6044189828038684,
          -0.7921124354229468
        ],
        [
          0.3347928919511411,
          -0.7314331449377209,
          -0.5940700918119901
        ],
        [
          -0.9384445303928873,
          -0.31572653944965057,
          -0.14013784521970374
        ]
      ],
      "tx": -0.09883206750961109,
      "ty": -0.04600118424038775,
      "tz": 0.0
    },
    {
      "R": [
        [
          0.8515581983781617,
          -0.13539623029453698,
          -0.5064745754694583
        ],
        [
          -0.5174174146970721,
          -0.3726305913197623,
          -0.770341262935384
        ],
        [
          -0.08442661750382607,
          0.9180491834508177,
          -0.38737300244357464
        ]
      ],
      "tx": 0.09802897685644757,
      "ty": -0.07637706648260077,
      "tz": 0.0
    },
    {
      "R": [
        [
          -0.04982140899113796,
          0.6200987837663876,
          0.7829401800760927
        ],
        [
          -0.9384791128177232,
          -0.2972803236237396,
          0.1757309420421559
        ],
        [
          0.34172325354151245,
          -0.7260178424512796,
          0.596760681036705
        ]
      ],
      "tx": 0.006469729806747565,
      "ty": 0.01920947845992664,
      "tz": 0.0
    }
  ],
  "points_N": 49605
}