{
  "type": "scene",
  "distance_m": 0.3,
  "num_objects": 5,
  "intrinsics": {
    "width": 640,
    "height": 480,
    "fx": 554.2562584220408,
    "fy": 554.2562584220408,
    "cx": -0.07055879194690251,
    "cy": 0.05262363837298159
  },
  "T_wc": [
    [
      0.999999999999,
      0.0,
      0.0,
      0.0
    ],
    [
      -0.0,
      0.9999999999956668,
      0.0,
      0.0
    ],
    [
      0.0,
      0.0,
      -0.9999999999966668,
      0.31501416601240634
    ],
    [
      0.0,
      0.0,
      0.0,
      1.0
    ]
  ],
  "bin_size": {
    "w": 0.25,
    "d": 0.25
  },
  "z_floor": 0.0,
  "piece_aabb": {
    "w": 0.0300283320248127,
    "d": 0.0300283320248127,
    "h": 0.0300283320248127
  },
  "poses": [
    {
      "R": [
        [
          -0.2920519057321145,
          0.5226565456901014,
          0.8009593120786669
        ],
        [
          -0.16684818517630337,
          -0.8524716741644831,
          0.49543286916652785
        ],
        [
          0.9417363577252471,
          0.011053505982027728,
          0.3361702731412921
        ]
      ],
      "tx": 0.02865926692177928,
      "ty": 0.05982744838780937,
      "tz": 0.0
    },
    {
      "R": [
        [
          0.3245012818909051,
          -0.7713463403365842,
          0.5474703108849995
        ],
        [
          0.8050705822676266,
          0.529068448349556,
          0.2682311214759729
        ],
        [
          -0.49654836181224515,
          0.35371089919643667,
          0.7926716370422395
        ]
      ],
      "tx": 0.07262956021217487,
      "ty": -0.031004151651778708,
      "tz": 0.0
    },
    {
      "R": [
        [
          -0.8838719203021768,
          0.10147251679995581,
          0.4565892649150056
        ],
        [
          0.4169983369513769,
          0.6131132876931136,
          0.6709727888923123
        ],
        [
          -0.2118556477442327,
          0.7834509715281641,
          -0.5842274897079456
        ]
      ],
      "tx": 0.013145766226074634,
      "ty": 0.002535239170817563,
      "tz": 0.0
    },
    {
      "R": [
        [
          -0.10126950385849365,
          0.2207302996721509,
          -0.9700632053608141
        ],
        [
          -0.9167182334047492,
          0.3580976212310061,
          0.1771828835186136
        ],
        [
          0.38648695725927185,
          0.9072178506154613,
          0.16608312193938435
        ]
      ],
      "tx": -0.0539902275682526,
      "ty": -0.04775752985343375,
      "tz": 0.0
    },
    {
      "R": [
        [
          -0.737782325177486,
          -0.07033966245184099,
          0.671363964286037
        ],
        [
          -0.263488152582385,
          -0.8856552520858971,
          -0.3823463977879057
        ],
        [
          0.621491137591216,
          -0.45898486504331126,
          0.6348871234768818
        ]
      ],
      "tx": -0.07055879194690251,
      "ty": 0.05262363837298159,
      "tz": 0.0
    }
  ],
  "points_N": 23956
}