{
  "type": "scene",
  "distance_m": 0.3,
  "num_objects": 11,
  "intrinsics": {
    "width": 640,
    "height": 480,
    "fx": 554.2562584220408,
    "fy": 554.2562584220408,
    "cx": -0.009283657136814963,
    "cy": 0.04055160962343837
  },
  "T_wc": [
    [
      0.999999999999,
      0.0,
      0.0,
      0.0
    ],
    [
      -0.0,
      0.9999999999956668,
      0.0,
      0.0
    ],
    [
      0.0,
      0.0,
      -0.9999999999966668,
      0.31501416601240634
    ],
    [
      0.0,
      0.0,
      0.0,
      1.0
    ]
  ],
  "bin_size": {
    "w": 0.25,
    "d": 0.25
  },
  "z_floor": 0.0,
  "piece_aabb": {
    "w": 0.0300283320248127,
    "d": 0.0300283320248127,
    "h": 0.0300283320248127
  },
  "poses": [
    {
      "R": [
        [
          0.2653687422716001,
          0.9638328582835909,
          0.024609996303787837
        ],
        [
          -0.95551123403287,
          0.25949748596392264,
          0.1402117556247897
        ],
        [
          0.12875446501838705,
          -0.0607229451796201,
          0.9898156452928706
        ]
      ],
      "tx": 0.051629725102418894,
      "ty": 0.054044872201030436,
      "tz": 0.0
    },
    {
      "R": [
        [
          -0.08107672314946668,
          -0.5570941960322167,
          -0.8264820758555885
        ],
        [
          0.8604999022541264,
          -0.4575598116826822,
          0.2240065556039529
        ],
        [
          -0.5029577349877258,
          -0.6930260279961542,
          0.5164769514081826
        ]
      ],
      "tx": 0.003937075621228997,
      "ty": -0.016813438822773766,
      "tz": 0.0
    },
    {
      "R": [
        [
          -0.5973233322459723,
          -0.20546604517928263,
          0.7752345071221688
        ],
        [
          0.32174724694535733,
          -0.9468207335506502,
          -0.003034403020530277
        ],
        [
          0.7346315714952975,
          0.2476170486799985,
          0.6316662499812356
        ]
      ],
      "tx": -0.020160407728755034,
      "ty": -0.0779091093824133,
      "tz": 0.0
    },
    {
      "R": [
        [
          0.1056963769585113,
          -0.02773995408332064,
          0.994011454081541
        ],
        [
          0.8796479116740409,
          0.4687715372396263,
          -0.08045369700328575
        ],
        [
          -0.46373249550289564,
          0.8828837640490694,
          0.07394884578682714
        ]
      ],
      "tx": -0.04796542997448101,
      "ty": 0.0870966090546263,
      "tz": 0.0
    },
    {
      "R": [
        [
          -0.11782502167609388,
          -0.8902587368025163,
          -0.4399507311209018
        ],
        [
          -0.9258988458695481,
          -0.061644051687154366,
          0.37270811382237246
        ],
        [
          -0.358927000216572,
          0.4512642157742839,
          -0.8170263252044903
        ]
      ],
      "tx": 0.06721909185861785,
      "ty": -0.07796147813247072,
      "tz": 0.0
    },
    {
      "R": [
        [
          -0.039723475740300884,
          -0.7890266008868605,
          0.6130734609881894
        ],
        [
          -0.9260265596581176,
          0.2595585744762343,
          0.2740513769781423
        ],
        [
          -0.3753623000287329,
          -0.5568360346716009,
          -0.7409701574343917
        ]
      ],
      "tx": -0.06994046370412167,
      "ty": -0.04782524928043052,
      "tz": 0.0
    },
    {
      "R": [
        [
          -0.2187296270898571,
          -0.8943844282978604,
          0.3901715579734656
        ],
        [
          0.7068500043381911,
          -0.4208830725557293,
          -0.568524854868411
        ],
        [
          0.6726963814383359,
          0.15143953794950027,
          0.7242552345309012
        ]
      ],
      "tx": 0.09577441131968073,
      "ty": -0.019973170148828462,
      "tz": 0.0
    },
    {
      "R": [
        [
          0.01832844748322482,
          0.9017607418953141,
          -0.43184676957141543
        ],
        [
          -0.104029560413753,
          0.43129499363021817,
          0.8961933268160567
        ],
        [
          0.9944053090028109,
          0.02849899727924904,
          0.10171474121827861
        ]
      ],
      "tx": -0.08478931280076085,
      "ty": 0.013852451733349425,
      "tz": 0.0
    },
    {
      "R": [
        [
          0.27051354990608023,
          -0.19887791316083375,
          -0.9419501021678393
        ],
        [
          0.04548395614346644,
          -0.9746969064840809,
          0.21885417570588428
        ],
        [
          -0.9616411123962775,
          -0.10204663711830353,
          -0.25462296597537204
        ]
      ],
      "tx": 0.09892618654748903,
      "ty": 0.08859683617909,
      "tz": 0.0
    },
    {
      "R": [
        [
          -0.7259767029966184,
          0.24767853466534023,
          0.6415708613802452
        ],
        [
          0.6106427753100947,
          -0.19696854921112883,
          0.7670194206037084
        ],
        [
          0.3163435279371858,
          0.9486088414555776,
          -0.008248529842458385
        ]
      ],
      "tx": 0.011678702287412107,
      "ty": 0.09782999006842466,
      "tz": 0.0
    },
    {
      "R": [
        [
          -0.38377483307547977,
          0.9118138681615995,
          0.14598749030677022
        ],
        [
          -0.3940762933275184,
          -0.018743537432605484,
          -0.9188865843191729
        ],
        [
          -0.8351172088606076,
          -0.41017575456466715,
          0.3665175273191916
        ]
      ],
      "tx": -0.009283657136814963,
      "ty": 0.04055160962343837,
      "tz": 0.0
    }
  ],
  "points_N": 54863
}