{
  "type": "scene",
  "distance_m": 0.3,
  "num_objects": 3,
  "intrinsics": {
    "width": 640,
    "height": 480,
    "fx": 554.2562584220408,
    "fy": 554.2562584220408,
    "cx": 0.0057452537657057545,
    "cy": 0.06067816154545591
  },
  "T_wc": [
    [
      0.999999999999,
      0.0,
      0.0,
      0.0
    ],
    [
      -0.0,
      0.9999999999956668,
      0.0,
      0.0
    ],
    [
      0.0,
      0.0,
      -0.9999999999966668,
      0.31501416601240634
    ],
    [
      0.0,
      0.0,
      0.0,
      1.0
    ]
  ],
  "bin_size": {
    "w": 0.25,
    "d": 0.25
  },
  "z_floor": 0.0,
  "piece_aabb": {
    "w": 0.0300283320248127,
    "d": 0.0300283320248127,
    "h": 0.0300283320248127
  },
  "poses": [
    {
      "R": [
        [
          -0.15717430492112117,
          -0.17701625584672476,
          0.9715768024395031
        ],
        [
          -0.9632061566801433,
          -0.1897051363253448,
          -0.1903834577510598
        ],
        [
          0.21801407662357425,
          -0.9657521454378392,
          -0.14068637452213006
        ]
      ],
      "tx": -0.07686180737479961,
      "ty": -0.08899323604962867,
      "tz": 0.0
    },
    {
      "R": [
        [
          0.803203682668604,
          -0.40665438176775387,
          -0.4353114493517009
        ],
        [
          -0.5933486818358762,
          -0.4812096000837638,
          -0.6452709993102526
        ],
        [
          0.05292623084275583,
          0.7765755176261415,
          -0.6277971643074451
        ]
      ],
      "tx": -0.056899914304179205,
      "ty": -0.0149391056757113,
      "tz": 0.0
    },
    {
      "R": [
        [
          0.310689824243892,
          0.10436974200736848,
          0.9447638805884858
        ],
        [
          0.9238268889146449,
          0.2007060204754283,
          -0.3259769511226295
        ],
        [
          -0.223641929050855,
          0.9740759982148376,
          -0.03406225582928957
        ]
      ],
      "tx": 0.0057452537657057545,
      "ty": 0.06067816154545591,
      "tz": 0.0
    }
  ],
  "points_N": 13206
}