{
  "type": "scene",
  "distance_m": 0.3,
  "num_objects": 10,
  "intrinsics": {
    "width": 640,
    "height": 480,
    "fx": 554.2562584220408,
    "fy": 554.2562584220408,
    "cx": -0.028758718796065966,
    "cy": -0.03437976971577757
  },
  "T_wc": [
    [
      0.999999999999,
      0.0,
      0.0,
      0.0
    ],
    [
      -0.0,
      0.9999999999956668,
      0.0,
      0.0
    ],
    [
      0.0,
      0.0,
      -0.9999999999966668,
      0.31501416601240634
    ],
    [
      0.0,
      0.0,
      0.0,
      1.0
    ]
  ],
  "bin_size": {
    "w": 0.25,
    "d": 0.25
  },
  "z_floor": 0.0,
  "piece_aabb": {
    "w": 0.0300283320248127,
    "d": 0.0300283320248127,
    "h": 0.0300283320248127
  },
  "poses": [
    {
      "R": [
        [
          -0.9623540972339089,
          -0.029265035422592303,
          0.2702187063080978
        ],
        [
          0.12360755131374797,
          -0.9325514676814199,
          0.33921812065903567
        ],
        [
          0.24206562084551939,
          0.3598490208781223,
          0.901062105172407
        ]
      ],
      "tx": -0.05812814019870009,
      "ty": 0.07997705828758572,
      "tz": 0.0
    },
    {
      "R": [
        [
          0.37447673071809806,
          0.09666814874119561,
          -0.9221835214151439
        ],
        [
          0.8843445803883445,
          0.2617521046979141,
          0.38654947784724175
        ],
        [
          0.27875050006851665,
          -0.9602817840119442,
          0.012532118990405516
        ]
      ],
      "tx": 0.01488212309550295,
      "ty": -0.07202073486701016,
      "tz": 0.0
    },
    {
      "R": [
        [
          0.36196651239750643,
          -0.6492641691155321,
          0.6689067817009358
        ],
        [
          -0.8216482920195478,
          0.11672338699819762,
          0.5579155268936585
        ],
        [
          -0.4403116261514628,
          -0.7515528521869811,
          -0.4912168383163058
        ]
      ],
      "tx": 0.0008415669737801695,
      "ty": 0.08937466857642978,
      "tz": 0.0
    },
    {
      "R": [
        [
          0.13602979122977543,
          0.9524851804512077,
          0.27252133296095177
        ],
        [
          0.9223005688981868,
          -0.22219313081894643,
          0.31621491619933967
        ],
        [
          0.361742389703038,
          0.20833193139244094,
          -0.9087025089952325
        ]
      ],
      "tx": 0.09283349818445133,
      "ty": 0.06630575026324106,
      "tz": 0.0
    },
    {
      "R": [
        [
          0.9617415362615233,
          0.19310736690978889,
          0.1943264322589528
        ],
        [
          -0.24168833698294254,
          0.9320524794207975,
          0.26993503546587555
        ],
        [
          -0.1289959890684389,
          -0.3065741679442547,
          0.9430653818021013
        ]
      ],
      "tx": 0.08684312932460134,
      "ty": -0.043596151074946236,
      "tz": 0.0
    },
    {
      "R": [
        [
          -0.3245889084665774,
          0.8648527195087585,
          -0.3829775633882232
        ],
        [
          0.717350561478816,
          -0.038812199321259344,
          -0.6956304946808141
        ],
        [
          -0.6164821266237189,
          -0.5005231130948415,
          -0.6078045745232141
        ]
      ],
      "tx": -0.08078665504166856,
      "ty": -0.0056518178301529914,
      "tz": 0.0
    },
    {
      "R": [
        [
          -0.5693752589740242,
          0.14964880384659984,
          -0.808342161448693
        ],
        [
          0.17826872624139561,
          0.982369944359283,
          0.056298789185997476
        ],
        [
          0.8025160906253115,
          -0.11204698981597377,
          -0.5860148431231462
        ]
      ],
      "tx": 0.04419135979283445,
      "ty": 0.005810110842683444,
      "tz": 0.0
    },
    {
      "R": [
        [
          0.9251753329182497,
          0.3726621333234186,
          0.0719273087668689
        ],
        [
          0.3794869654642965,
          -0.9114504922254616,
          -0.1588950699822472
        ],
        [
          0.006344005225857312,
          0.1743012754078467,
          -0.9846719347015491
        ]
      ],
      "tx": -0.014022087985919723,
      "ty": 0.026665816381087754,
      "tz": 0.0
    },
    {
      "R": [
        [
          0.3060144922143704,
          -0.7352607212449672,
          -0.6047700408825751
        ],
        [
          -0.8678639425988827,
          -0.4765860018769832,
          0.1402781520823376
        ],
        [
          -0.3913659511141769,
          0.4819309645677924,
          -0.783948491738617
        ]
      ],
      "tx": -0.07305929695376817,
      "ty": -0.09727307912441142,
      "tz": 0.0
    },
    {
      "R": [
        [
          -0.9112705291591412,
          0.36512924859300433,
          0.19043805950472914
        ],
        [
          -0.2294550826349062,
          -0.06618948259626989,
          -0.9710660726472974
        ],
        [
          -0.34195962881461184,
          -0.9286008745502806,
          0.14409728673860167
        ]
      ],
      "tx": -0.028758718796065966,
      "ty": -0.03437976971577757,
      "tz": 0.0
    }
  ],
  "points_N": 46928
}