{
  "type": "scene",
  "distance_m": 0.3,
  "num_objects": 7,
  "intrinsics": {
    "width": 640,
    "height": 480,
    "fx": 554.2562584220408,
    "fy": 554.2562584220408,
    "cx": -0.08403324804871436,
    "cy": -0.08461125866173233
  },
  "T_wc": [
    [
      0.999999999999,
      0.0,
      0.0,
      0.0
    ],
    [
      -0.0,
      0.9999999999956668,
      0.0,
      0.0
    ],
    [
      0.0,
      0.0,
      -0.9999999999966668,
      0.31501416601240634
    ],
    [
      0.0,
      0.0,
      0.0,
      1.0
    ]
  ],
  "bin_size": {
    "w": 0.25,
    "d": 0.25
  },
  "z_floor": 0.0,
  "piece_aabb": {
    "w": 0.0300283320248127,
    "d": 0.0300283320248127,
    "h": 0.0300283320248127
  },
  "poses": [
    {
      "R": [
        [
          0.6141769249984056,
          0.08471898384510135,
          -0.7846077992065567
        ],
        [
          0.1876621487459071,
          0.9500228546037458,
          0.24947844327440208
        ],
        [
          0.7665309013520406,
          -0.30046508866556104,
          0.5675835689707944
        ]
      ],
      "tx": 0.09079448356397285,
      "ty": 0.00987943136735292,
      "tz": 0.0
    },
    {
      "R": [
        [
          -0.9757596358026646,
          0.061832716241137654,
          -0.2099281980594658
        ],
        [
          0.14338838560779746,
          -0.5440352254160132,
          -0.826719689120404
        ],
        [
          -0.1653266585008024,
          -0.8367809681803182,
          0.5219815200561877
        ]
      ],
      "tx": -0.04701294652191009,
      "ty": -0.0035519157312606797,
      "tz": 0.0
    },
    {
      "R": [
        [
          -0.7073046270106786,
          -0.1993285274844127,
          -0.6782243749233583
        ],
        [
          -0.6026973100033959,
          0.6714279734813067,
          0.4312081039839769
        ],
        [
          0.3694267412139447,
          0.7137594934974115,
          -0.595038879669525
        ]
      ],
      "tx": -0.03667920820725015,
      "ty": 0.08914102892232983,
      "tz": 0.0
    },
    {
      "R": [
        [
          -0.05129063644579701,
          0.8532704546041763,
          0.518940075454351
        ],
        [
          0.43266906624432777,
          -0.449340564295311,
          0.7815948671748254
        ],
        [
          0.9000926339706634,
          0.26461781606376,
          -0.346136767323842
        ]
      ],
      "tx": 0.03530959540519471,
      "ty": -0.08458343090598595,
      "tz": 0.0
    },
    {
      "R": [
        [
          -0.19683593570924218,
          0.8678742842097705,
          -0.4561248088197415
        ],
        [
          -0.8792342021400724,
          0.049600852321421196,
          0.473800562722438
        ],
        [
          0.43382350351332677,
          0.49430150946195495,
          0.7533015236564011
        ]
      ],
      "tx": 0.01960323483872682,
      "ty": 0.043249610644463865,
      "tz": 0.0
    },
    {
      "R": [
        [
          0.580684233152057,
          0.6337490565421663,
          0.5110459418687539
        ],
        [
          -0.2546071478351586,
          -0.4548698978557806,
          0.8533865339316746
        ],
        [
          0.7732923261224394,
          -0.625664054710342,
          -0.10277873809091465
        ]
      ],
      "tx": 0.0941717096158095,
      "ty": 0.07762209616878205,
      "tz": 0.0
    },
    {
      "R": [
        [
          0.18613966418822647,
          0.1297815560581116,
          0.9739141507971991
        ],
        [
          -0.926205492814398,
          0.35395077440304534,
          0.1298546663771566
        ],
        [
          -0.3278649272129186,
          -0.9262157399907539,
          0.1860886683735683
        ]
      ],
      "tx": -0.08403324804871436,
      "ty": -0.08461125866173233,
      "tz": 0.0
    }
  ],
  "points_N": 37137
}