{
  "type": "scene",
  "distance_m": 0.3,
  "num_objects": 7,
  "intrinsics": {
    "width": 640,
    "height": 480,
    "fx": 554.2562584220408,
    "fy": 554.2562584220408,
    "cx": 0.05373927360006128,
    "cy": 0.06818315029048744
  },
  "T_wc": [
    [
      0.999999999999,
      0.0,
      0.0,
      0.0
    ],
    [
      -0.0,
      0.9999999999956668,
      0.0,
      0.0
    ],
    [
      0.0,
      0.0,
      -0.9999999999966668,
      0.31501416601240634
    ],
    [
      0.0,
      0.0,
      0.0,
      1.0
    ]
  ],
  "bin_size": {
    "w": 0.25,
    "d": 0.25
  },
  "z_floor": 0.0,
  "piece_aabb": {
    "w": 0.0300283320248127,
    "d": 0.0300283320248127,
    "h": 0.0300283320248127
  },
  "poses": [
    {
      "R": [
        [
          0.17009675543707747,
          0.7837020155934221,
          -0.5973928728605544
        ],
        [
          0.03894358879725068,
          -0.6110996738269932,
          -0.7905950831747774
        ],
        [
          -0.9846575499539776,
          0.11121303612144645,
          -0.13446624080147473
        ]
      ],
      "tx": -0.013225277240901293,
      "ty": 0.0020601069056619264,
      "tz": 0.0
    },
    {
      "R": [
        [
          0.05613993214455826,
          -0.9069573251414951,
          -0.4174646313054419
        ],
        [
          -0.9796979340149305,
          0.03055810558951777,
          -0.19813672115399653
        ],
        [
          0.19245847891345574,
          0.4201126188951768,
          -0.8868286877065685
        ]
      ],
      "tx": 0.06582832976186226,
      "ty": -0.0686789129679437,
      "tz": 0.0
    },
    {
      "R": [
        [
          0.13891409277274325,
          -0.34017590198596276,
          0.9300447465241457
        ],
        [
          0.9379226781431207,
          -0.25620077648660766,
          -0.23379951230166302
        ],
        [
          0.3178111462078726,
          0.9047881065949619,
          0.2834687945971165
        ]
      ],
      "tx": -0.06650844283944404,
      "ty": 0.09323597948985932,
      "tz": 0.0
    },
    {
      "R": [
        [
          -0.6139265387325352,
          -0.6828007152316654,
          -0.3960775029195871
        ],
        [
          -0.6875007424055958,
          0.2159700144548552,
          0.6933250911716123
        ],
        [
          -0.3878620041092502,
          0.6979542507467779,
          -0.6020157220811266
        ]
      ],
      "tx": -0.06824280931213546,
      "ty": 0.03279292320975319,
      "tz": 0.0
    },
    {
      "R": [
        [
          0.7482643579190356,
          -0.2752245505010025,
          0.6036156868981576
        ],
        [
          -0.34106400038359685,
          -0.9400220807686006,
          -0.005816812684687006
        ],
        [
          0.5690130036390656,
          -0.20151906725913568,
          -0.7972542048936822
        ]
      ],
      "tx": 0.009112420378419112,
      "ty": -0.0883632697006893,
      "tz": 0.0
    },
    {
      "R": [
        [
          -0.26509664265413746,
          -0.4627717755122252,
          0.8459113746975903
        ],
        [
          0.18537087013452186,
          0.8364743864398607,
          0.5157016980150723
        ],
        [
          -0.9462353885577702,
          0.29351811633921543,
          -0.13596214481098778
        ]
      ],
      "tx": -0.07708067404254851,
      "ty": -0.02601276335178697,
      "tz": 0.0
    },
    {
      "R": [
        [
          0.7877029886406277,
          0.5601242711731116,
          0.2564854821026207
        ],
        [
          0.1864451818777008,
          0.18006083818336793,
          -0.965824149991754
        ],
        [
          -0.5871645389847843,
          0.8086030518094115,
          0.03740198876119005
        ]
      ],
      "tx": 0.05373927360006128,
      "ty": 0.06818315029048744,
      "tz": 0.0
    }
  ],
  "points_N": 33680
}