{
  "type": "scene",
  "distance_m": 0.3,
  "num_objects": 10,
  "intrinsics": {
    "width": 640,
    "height": 480,
    "fx": 554.2562584220408,
    "fy": 554.2562584220408,
    "cx": 0.08421524620833704,
    "cy": -0.09718189121873215
  },
  "T_wc": [
    [
      0.999999999999,
      0.0,
      0.0,
      0.0
    ],
    [
      -0.0,
      0.9999999999956668,
      0.0,
      0.0
    ],
    [
      0.0,
      0.0,
      -0.9999999999966668,
      0.31501416601240634
    ],
    [
      0.0,
      0.0,
      0.0,
      1.0
    ]
  ],
  "bin_size": {
    "w": 0.25,
    "d": 0.25
  },
  "z_floor": 0.0,
  "piece_aabb": {
    "w": 0.0300283320248127,
    "d": 0.0300283320248127,
    "h": 0.0300283320248127
  },
  "poses": [
    {
      "R": [
        [
          -0.867298834756558,
          0.47681599511156947,
          0.1429658631830679
        ],
        [
          0.12267111530711419,
          -0.07361891174712842,
          0.9897131166668839
        ],
        [
          0.4824360358630194,
          0.8759148147159813,
          0.005358046457722865
        ]
      ],
      "tx": 0.0393762803754272,
      "ty": 0.016189512044058815,
      "tz": 0.0
    },
    {
      "R": [
        [
          -0.13376806585404966,
          -0.8680304643024702,
          0.4781518771274506
        ],
        [
          0.8920268864027548,
          -0.31566023840778223,
          -0.3234913411869762
        ],
        [
          0.4317338746175395,
          0.38325151915051814,
          0.8165317719333074
        ]
      ],
      "tx": -0.03729807793109536,
      "ty": 0.0013311190403378637,
      "tz": 0.0
    },
    {
      "R": [
        [
          -0.9892847728836056,
          -0.1403487127522947,
          -0.040222841389018764
        ],
        [
          -0.042780577684487765,
          0.015253727591572064,
          0.9989680405135809
        ],
        [
          -0.13959033030125617,
          0.9899846274681924,
          -0.02109447944487397
        ]
      ],
      "tx": 0.07260909890971068,
      "ty": -0.03418749933349405,
      "tz": 0.0
    },
    {
      "R": [
        [
          -0.3396656935930824,
          -0.15170122161807997,
          -0.9282316283964429
        ],
        [
          0.056293923994475525,
          -0.9884166817692335,
          0.14093777819166073
        ],
        [
          -0.9388600591766774,
          -0.004382072555279143,
          0.3442710948117572
        ]
      ],
      "tx": 0.01749279745739589,
      "ty": 0.09481637050690597,
      "tz": 0.0
    },
    {
      "R": [
        [
          -0.04214780456796996,
          -0.9958163120297181,
          -0.08107672456156118
        ],
        [
          0.45448280167973415,
          -0.09137628432963396,
          0.8860562948478213
        ],
        [
          -0.8897578016221266,
          0.000497350621711079,
          0.45643269722371926
        ]
      ],
      "tx": -0.07442088646670164,
      "ty": -0.07231212775550577,
      "tz": 0.0
    },
    {
      "R": [
        [
          -0.062402848656423426,
          -0.4149571971096889,
          -0.9076984130461143
        ],
        [
          0.7334693070937398,
          0.5977122378046282,
          -0.3236709074507822
        ],
        [
          0.6768520222552288,
          -0.685966912719159,
          0.2670594215217895
        ]
      ],
      "tx": 0.019622360468420807,
      "ty": -0.06324149382932326,
      "tz": 0.0
    },
    {
      "R": [
        [
          -0.47958525387084916,
          -0.7258124534301422,
          0.4931473073183611
        ],
        [
          0.46996327113376707,
          -0.6870515589779873,
          -0.5541612392536724
        ],
        [
          0.7410347549574728,
          -0.03400643691471095,
          0.6706049911784759
        ]
      ],
      "tx": 0.0848876254846663,
      "ty": 0.07704833279516027,
      "tz": 0.0
    },
    {
      "R": [
        [
          -0.4236708754495795,
          0.8402622868314303,
          0.33832274328605483
        ],
        [
          0.9046592049382624,
          0.3736360314547583,
          0.20490934317207166
        ],
        [
          0.045768026134602735,
          0.39288090476320414,
          -0.918449716890472
        ]
      ],
      "tx": -0.09408987058536974,
      "ty": 0.030899016975648286,
      "tz": 0.0
    },
    {
      "R": [
        [
          -0.9879482529976504,
          0.14404202741267738,
          -0.05665813037628319
        ],
        [
          0.1536990287598012,
          0.9562092139583076,
          -0.24907940039178156
        ],
        [
          0.018299124492286815,
          -0.2547858580849438,
          -0.9668243421442877
        ]
      ],
      "tx": -0.03985261874767585,
      "ty": 0.09330740707521251,
      "tz": 0.0
    },
    {
      "R": [
        [
          -0.2692122281472318,
          -0.14736587188748168,
          -0.9517395000833184
        ],
        [
          0.7247911400913509,
          -0.6817524738238863,
          -0.09945535521072102
        ],
        [
          -0.6341944334832044,
          -0.7165869551128133,
          0.2903455808188997
        ]
      ],
      "tx": 0.08421524620833704,
      "ty": -0.09718189121873215,
      "tz": 0.0
    }
  ],
  "points_N": 49460
}