{
  "type": "scene",
  "distance_m": 0.3,
  "num_objects": 8,
  "intrinsics": {
    "width": 640,
    "height": 480,
    "fx": 554.2562584220408,
    "fy": 554.2562584220408,
    "cx": -0.08202040146962361,
    "cy": -0.08586197002856102
  },
  "T_wc": [
    [
      0.999999999999,
      0.0,
      0.0,
      0.0
    ],
    [
      -0.0,
      0.9999999999956668,
      0.0,
      0.0
    ],
    [
      0.0,
      0.0,
      -0.9999999999966668,
      0.31501416601240634
    ],
    [
      0.0,
      0.0,
      0.0,
      1.0
    ]
  ],
  "bin_size": {
    "w": 0.25,
    "d": 0.25
  },
  "z_floor": 0.0,
  "piece_aabb": {
    "w": 0.0300283320248127,
    "d": 0.0300283320248127,
    "h": 0.0300283320248127
  },
  "poses": [
    {
      "R": [
        [
          -0.11283049404224732,
          0.39155957544080733,
          0.9132088361896182
        ],
        [
          -0.6743192903405447,
          0.6448495545393819,
          -0.35980904197224517
        ],
        [
          -0.7297689869327186,
          -0.6563917663186943,
          0.19127748121568855
        ]
      ],
      "tx": -0.08200007393722755,
      "ty": 0.0797282148037951,
      "tz": 0.0
    },
    {
      "R": [
        [
          -0.5967057358906969,
          -0.2081473244851686,
          0.7749948103470164
        ],
        [
          -0.8001579516871593,
          0.2274366106138016,
          -0.5549953517862249
        ],
        [
          -0.0607413953326037,
          -0.9512871698189627,
          -0.3022634669140094
        ]
      ],
      "tx": -0.09632075952781534,
      "ty": -0.019860046266959322,
      "tz": 0.0
    },
    {
      "R": [
        [
          -0.937578244404137,
          -0.1948173758081843,
          -0.28808544861424273
        ],
        [
          0.26476082684563873,
          -0.9369605332389652,
          -0.22804969572566375
        ],
        [
          -0.2254966522768586,
          -0.2900881749326691,
          0.9300538213330252
        ]
      ],
      "tx": -0.005809500182112709,
      "ty": -0.07260786161822866,
      "tz": 0.0
    },
    {
      "R": [
        [
          0.6693987480275121,
          -0.6490819891218823,
          0.361383297257607
        ],
        [
          0.7428715986958562,
          0.5893293643898522,
          -0.3175416321034385
        ],
        [
          -0.006863234679225616,
          0.48102335875239294,
          0.8766809136420757
        ]
      ],
      "tx": 0.018312163393787037,
      "ty": 0.006535716154614332,
      "tz": 0.0
    },
    {
      "R": [
        [
          -0.4536098813625975,
          0.8860857884319311,
          -0.0953417593144425
        ],
        [
          -0.4692343584882868,
          -0.14651224501555293,
          0.8708348172154052
        ],
        [
          0.7576656204053975,
          0.43975690739255646,
          0.482241298580118
        ]
      ],
      "tx": 0.0393974908550388,
      "ty": 0.08172274298369842,
      "tz": 0.0
    },
    {
      "R": [
        [
          0.6100272506638802,
          -0.5431969275831791,
          -0.5768915420697914
        ],
        [
          -0.38354346498029024,
          -0.8394962920397335,
          0.3848900961605153
        ],
        [
          -0.6933694281682602,
          -0.013530466205284836,
          -0.7204552467474206
        ]
      ],
      "tx": 0.085082787422046,
      "ty": -0.0779057935178317,
      "tz": 0.0
    },
    {
      "R": [
        [
          0.28346673833842817,
          0.8552796383936728,
          -0.43375494049631425
        ],
        [
          0.6178803727077774,
          -0.5087990688923203,
          -0.5994558803755334
        ],
        [
          -0.7333965184525156,
          -0.09808286110985909,
          -0.672688114268591
        ]
      ],
      "tx": 0.07572320877817279,
      "ty": 0.02184087731462539,
      "tz": 0.0
    },
    {
      "R": [
        [
          -0.45507187524322523,
          0.7472014397736416,
          0.48435482527049467
        ],
        [
          -0.5558233388746044,
          0.18660251774318137,
          -0.8100863635034183
        ],
        [
          -0.6956795270272808,
          -0.6378632367303376,
          0.3303944413924004
        ]
      ],
      "tx": -0.08202040146962361,
      "ty": -0.08586197002856102,
      "tz": 0.0
    }
  ],
  "points_N": 39392
}