{
  "type": "scene",
  "distance_m": 0.3,
  "num_objects": 8,
  "intrinsics": {
    "width": 640,
    "height": 480,
    "fx": 554.2562584220408,
    "fy": 554.2562584220408,
    "cx": -0.00010961198107864445,
    "cy": -0.08308694746222052
  },
  "T_wc": [
    [
      0.999999999999,
      0.0,
      0.0,
      0.0
    ],
    [
      -0.0,
      0.9999999999956668,
      0.0,
      0.0
    ],
    [
      0.0,
      0.0,
      -0.9999999999966668,
      0.31501416601240634
    ],
    [
      0.0,
      0.0,
      0.0,
      1.0
    ]
  ],
  "bin_size": {
    "w": 0.25,
    "d": 0.25
  },
  "z_floor": 0.0,
  "piece_aabb": {
    "w": 0.0300283320248127,
    "d": 0.0300283320248127,
    "h": 0.0300283320248127
  },
  "poses": [
    {
      "R": [
        [
          -0.7490210499906518,
          0.6481929343803021,
          -0.13716189882892035
        ],
        [
          0.5335644115895037,
          0.4674069068125303,
          -0.7048686417688684
        ],
        [
          -0.39278045439666187,
          -0.6011461580043543,
          -0.6959502937427038
        ]
      ],
      "tx": -0.02165479650579412,
      "ty": -0.028420409103960306,
      "tz": 0.0
    },
    {
      "R": [
        [
          0.05662826598438253,
          0.39024994306408395,
          0.9189658434512576
        ],
        [
          0.3309660138770199,
          0.8610596627440763,
          -0.3860540828088907
        ],
        [
          -0.9419420030712923,
          0.3260080353818549,
          -0.08039915246135942
        ]
      ],
      "tx": -0.034757442316975196,
      "ty": 0.043266947966189906,
      "tz": 0.0
    },
    {
      "R": [
        [
          0.7828279217509868,
          0.6120395126435585,
          -0.11219661264969788
        ],
        [
          0.5885041255277008,
          -0.6696888106110888,
          0.4529677595361295
        ],
        [
          0.20209735070976803,
          -0.4206239792324496,
          -0.8844388780072663
        ]
      ],
      "tx": -0.08241418393943588,
      "ty": -0.05254978871827191,
      "tz": 0.0
    },
    {
      "R": [
        [
          0.17449016827535435,
          0.5040825790744159,
          0.8458451008600356
        ],
        [
          0.981949271494805,
          -0.15276660304859568,
          -0.11152575130351933
        ],
        [
          0.07299869441339446,
          0.8500371276989482,
          -0.5216397915681488
        ]
      ],
      "tx": 0.02903752984069416,
      "ty": 0.055399978910340986,
      "tz": 0.0
    },
    {
      "R": [
        [
          -0.43320769774706,
          0.4638711238196045,
          -0.7727578347056916
        ],
        [
          0.866922654133403,
          -0.020061233948343915,
          -0.4980388123859083
        ],
        [
          -0.24652829931467896,
          -0.885675520367819,
          -0.3934497048648087
        ]
      ],
      "tx": 0.09613556776470003,
      "ty": -0.07858172192435496,
      "tz": 0.0
    },
    {
      "R": [
        [
          -0.8689048580521066,
          0.11335215197378506,
          -0.48182531823925695
        ],
        [
          0.10818235131705148,
          0.9933811434171329,
          0.03860677099659715
        ],
        [
          0.4830123461330604,
          -0.018579384978560987,
          -0.8754164037398748
        ]
      ],
      "tx": 0.04401733248475498,
      "ty": -0.00949697220188811,
      "tz": 0.0
    },
    {
      "R": [
        [
          -0.6417304751844872,
          0.71328598735856,
          -0.2817891010266666
        ],
        [
          -0.34403314184153005,
          -0.5961171154284963,
          -0.7254554307521963
        ],
        [
          -0.6854364992719153,
          -0.3686020685388693,
          0.6279405390120377
        ]
      ],
      "tx": -0.0904381226717642,
      "ty": 0.07753539303726303,
      "tz": 0.0
    },
    {
      "R": [
        [
          0.018956843499663978,
          0.625062753108953,
          0.780344278354359
        ],
        [
          -0.3743435596026266,
          0.7281516360937728,
          -0.574162080111528
        ],
        [
          -0.9270962935254159,
          -0.2812325541785978,
          0.24779167258327706
        ]
      ],
      "tx": -0.00010961198107864445,
      "ty": -0.08308694746222052,
      "tz": 0.0
    }
  ],
  "points_N": 37561
}