{
  "type": "scene",
  "distance_m": 0.3,
  "num_objects": 8,
  "intrinsics": {
    "width": 640,
    "height": 480,
    "fx": 554.2562584220408,
    "fy": 554.2562584220408,
    "cx": 0.007528951660065175,
    "cy": -0.023992965010822598
  },
  "T_wc": [
    [
      0.999999999999,
      0.0,
      0.0,
      0.0
    ],
    [
      -0.0,
      0.9999999999956668,
      0.0,
      0.0
    ],
    [
      0.0,
      0.0,
      -0.9999999999966668,
      0.31501416601240634
    ],
    [
      0.0,
      0.0,
      0.0,
      1.0
    ]
  ],
  "bin_size": {
    "w": 0.25,
    "d": 0.25
  },
  "z_floor": 0.0,
  "piece_aabb": {
    "w": 0.0300283320248127,
    "d": 0.0300283320248127,
    "h": 0.0300283320248127
  },
  "poses": [
    {
      "R": [
        [
          0.9202765612805901,
          -0.16919515998366982,
          0.35279462665362776
        ],
        [
          0.21390935302082328,
          -0.5374251523305069,
          -0.8157309570763782
        ],
        [
          0.32761843575688016,
          0.8261641504450745,
          -0.45838734392605485
        ]
      ],
      "tx": -0.04943153677782397,
      "ty": 0.007738851393828669,
      "tz": 0.0
    },
    {
      "R": [
        [
          0.6328071740275771,
          -0.3304215702489529,
          0.7002689957533804
        ],
        [
          0.5633790966169315,
          -0.4239388925516061,
          -0.7091401898617847
        ],
        [
          0.5311864776086849,
          0.8432659137522008,
          -0.08211896680635955
        ]
      ],
      "tx": 0.043476791530020376,
      "ty": -0.08436824041391776,
      "tz": 0.0
    },
    {
      "R": [
        [
          0.3804002450235119,
          0.6639437411120527,
          0.6437968330336705
        ],
        [
          -0.10653178812938258,
          0.7229549056183777,
          -0.682632538457023
        ],
        [
          -0.9186656800512407,
          0.19108875707496306,
          0.3457433371961596
        ]
      ],
      "tx": 0.0713205176436798,
      "ty": -0.02952787240899994,
      "tz": 0.0
    },
    {
      "R": [
        [
          -0.3855528126300791,
          0.5625603581362935,
          0.7313514012611176
        ],
        [
          -0.7687410669971702,
          -0.6342073244234161,
          0.08257264413680829
        ],
        [
          0.5102805116649932,
          -0.530383741362098,
          0.6769836676860497
        ]
      ],
      "tx": 0.06102824674374893,
      "ty": 0.028530699024539946,
      "tz": 0.0
    },
    {
      "R": [
        [
          -0.8136667300712568,
          -0.5100345572507808,
          -0.2789465948620786
        ],
        [
          0.5810771665693019,
          -0.6993669027563361,
          -0.41621540315178307
        ],
        [
          0.017198222784356537,
          -0.5007501230544128,
          0.8654210162655227
        ]
      ],
      "tx": -0.033739480806159045,
      "ty": 0.07731510381543125,
      "tz": 0.0
    },
    {
      "R": [
        [
          -0.2280035085004477,
          -0.059055168582790425,
          0.9718677313169445
        ],
        [
          0.12752408518310243,
          -0.9913718470511368,
          -0.030322740190011806
        ],
        [
          0.9652730224188902,
          0.11702285220450032,
          0.23356721570508232
        ]
      ],
      "tx": -0.04502339318962859,
      "ty": -0.07587271691991046,
      "tz": 0.0
    },
    {
      "R": [
        [
          -0.3375845899108829,
          0.8835800401569968,
          -0.32453498623547594
        ],
        [
          -0.15807410071132388,
          0.28666317957842535,
          0.944900418117324
        ],
        [
          0.9279273804231701,
          0.3702843962552936,
          0.04289804833376032
        ]
      ],
      "tx": 0.047959041105931605,
      "ty": 0.08869880746439132,
      "tz": 0.0
    },
    {
      "R": [
        [
          0.7773432213513607,
          -0.3574065194163415,
          0.5176853253645363
        ],
        [
          0.4957400107108082,
          0.8546450099715429,
          -0.15434943702906417
        ],
        [
          -0.38727168499586595,
          0.37661981733498523,
          0.8415332169267147
        ]
      ],
      "tx": 0.007528951660065175,
      "ty": -0.023992965010822598,
      "tz": 0.0
    }
  ],
  "points_N": 39326
}