{
  "type": "scene",
  "distance_m": 0.3,
  "num_objects": 12,
  "intrinsics": {
    "width": 640,
    "height": 480,
    "fx": 554.2562584220408,
    "fy": 554.2562584220408,
    "cx": 0.09817461534061167,
    "cy": 0.02148137954183374
  },
  "T_wc": [
    [
      0.999999999999,
      0.0,
      0.0,
      0.0
    ],
    [
      -0.0,
      0.9999999999956668,
      0.0,
      0.0
    ],
    [
      0.0,
      0.0,
      -0.9999999999966668,
      0.31501416601240634
    ],
    [
      0.0,
      0.0,
      0.0,
      1.0
    ]
  ],
  "bin_size": {
    "w": 0.25,
    "d": 0.25
  },
  "z_floor": 0.0,
  "piece_aabb": {
    "w": 0.0300283320248127,
    "d": 0.0300283320248127,
    "h": 0.0300283320248127
  },
  "poses": [
    {
      "R": [
        [
          -0.5485951448503266,
          0.7564432034720898,
          0.3561418916212069
        ],
        [
          0.6600482959754423,
          0.6532948487849949,
          -0.370866670827813
        ],
        [
          -0.5132052357746983,
          0.03161519368710583,
          -0.8576834296531342
        ]
      ],
      "tx": 0.08245384362814881,
      "ty": -0.08669390524970082,
      "tz": 0.0
    },
    {
      "R": [
        [
          -0.5723165950573739,
          -0.09662112124684796,
          -0.8143206211013791
        ],
        [
          -0.7987601218165569,
          -0.15903430948342412,
          0.5802502530828657
        ],
        [
          -0.18556934773160472,
          0.982533687634237,
          0.013840875923669227
        ]
      ],
      "tx": -0.019280416891368377,
      "ty": 0.011053653138280745,
      "tz": 0.0
    },
    {
      "R": [
        [
          -0.5505466970227857,
          -0.6848645513300564,
          -0.4773456616842573
        ],
        [
          0.4028925800945848,
          -0.7187855487287891,
          0.5665905963245261
        ],
        [
          -0.7311469779066515,
          0.11961555613771108,
          0.671651855821032
        ]
      ],
      "tx": 0.03882065795247239,
      "ty": 0.03483396463715968,
      "tz": 0.0
    },
    {
      "R": [
        [
          -0.1696209444386605,
          -0.5152855997047746,
          -0.8400651676772627
        ],
        [
          0.9416304387895106,
          -0.33626169539738693,
          0.01613037363325792
        ],
        [
          -0.2907934867785219,
          -0.788294883241903,
          0.5422456317037732
        ]
      ],
      "tx": 0.02234212842551965,
      "ty": -0.09363726674277319,
      "tz": 0.0
    },
    {
      "R": [
        [
          -0.9134040078266863,
          0.4061289594947052,
          -0.027429669081035224
        ],
        [
          -0.289024171039842,
          -0.6945284624821295,
          -0.6588590466533351
        ],
        [
          -0.28663242496423735,
          -0.5938766564379825,
          0.751766167034114
        ]
      ],
      "tx": -0.03819465275985138,
      "ty": -0.04343331267754657,
      "tz": 0.0
    },
    {
      "R": [
        [
          -0.5272077751565467,
          -0.16355393465393991,
          0.8338477512554068
        ],
        [
          0.6863506257177967,
          0.49657646728600324,
          0.5313517015259683
        ],
        [
          -0.5009738320424257,
          0.8524446742146774,
          -0.14954362912461217
        ]
      ],
      "tx": -0.08039232549087108,
      "ty": 0.002461199751028792,
      "tz": 0.0
    },
    {
      "R": [
        [
          0.14747970910905028,
          0.6635017188795495,
          -0.733495197288294
        ],
        [
          -0.6634331616323831,
          0.6163862030655659,
          0.42417506847630176
        ],
        [
          0.7335572066632366,
          0.42406782206894494,
          0.5310935010317217
        ]
      ],
      "tx": 0.06062907649132193,
      "ty": -0.023062609915489557,
      "tz": 0.0
    },
    {
      "R": [
        [
          0.12358613702850951,
          0.4760876184662809,
          0.8706704579101531
        ],
        [
          0.12925251304900298,
          0.8621993198547635,
          -0.48980212403837187
        ],
        [
          -0.9838802033809239,
          0.17306909714067473,
          0.045020362171176775
        ]
      ],
      "tx": -0.016715228608372615,
      "ty": 0.07410644400858388,
      "tz": 0.0
    },
    {
      "R": [
        [
          0.42508482330086717,
          -0.34544759902165945,
          0.8366414102406368
        ],
        [
          -0.6290670264149163,
          -0.7773498969829125,
          -0.00134682521173618
        ],
        [
          0.6508283715978935,
          -0.5257310091585115,
          -0.5477493375006564
        ]
      ],
      "tx": -0.07642662322417547,
      "ty": 0.07210004000444023,
      "tz": 0.0
    },
    {
      "R": [
        [
          -0.9921496910077083,
          -0.04488555153582761,
          -0.11672308210732799
        ],
        [
          0.07339020385192771,
          0.5467530156579028,
          -0.8340713505735355
        ],
        [
          0.10125644972979234,
          -0.8360899635399972,
          -0.5391666757653004
        ]
      ],
      "tx": -0.09738394912572441,
      "ty": -0.0980191334932198,
      "tz": 0.0
    },
    {
      "R": [
        [
          -0.4134122704637524,
          -0.8479022223898713,
          -0.33189172315127563
        ],
        [
          0.8689519162866333,
          -0.4762914714851505,
          0.13442098560975835
        ],
        [
          -0.2720530496278141,
          -0.23282666397306812,
          0.9336909995985707
        ]
      ],
      "tx": 0.08848767101307028,
      "ty": 0.0780221137824236,
      "tz": 0.0
    },
    {
      "R": [
        [
          0.5026029543288211,
          0.36908517640547517,
          -0.7817713238906121
        ],
        [
          -0.8567752321248581,
          0.33340356395747484,
          -0.393418689385557
        ],
        [
          0.11544033921180435,
          0.8675357030682905,
          0.4837926539174302
        ]
      ],
      "tx": 0.09817461534061167,
      "ty": 0.02148137954183374,
      "tz": 0.0
    }
  ],
  "points_N": 57141
}