{
  "type": "scene",
  "distance_m": 0.3,
  "num_objects": 10,
  "intrinsics": {
    "width": 640,
    "height": 480,
    "fx": 554.2562584220408,
    "fy": 554.2562584220408,
    "cx": 0.07641749843592283,
    "cy": 0.09850755059794422
  },
  "T_wc": [
    [
      0.999999999999,
      0.0,
      0.0,
      0.0
    ],
    [
      -0.0,
      0.9999999999956668,
      0.0,
      0.0
    ],
    [
      0.0,
      0.0,
      -0.9999999999966668,
      0.31501416601240634
    ],
    [
      0.0,
      0.0,
      0.0,
      1.0
    ]
  ],
  "bin_size": {
    "w": 0.25,
    "d": 0.25
  },
  "z_floor": 0.0,
  "piece_aabb": {
    "w": 0.0300283320248127,
    "d": 0.0300283320248127,
    "h": 0.0300283320248127
  },
  "poses": [
    {
      "R": [
        [
          -0.5420779422304938,
          0.07397215106646354,
          0.8370660818679452
        ],
        [
          -0.6577394290821568,
          -0.657310950705088,
          -0.36786024182269467
        ],
        [
          0.5230012886961481,
          -0.7499802897075185,
          0.40496816797421864
        ]
      ],
      "tx": -0.07234457693356952,
      "ty": 0.06733766983483716,
      "tz": 0.0
    },
    {
      "R": [
        [
          0.05828661593084217,
          0.6746490285595144,
          0.7358337846735729
        ],
        [
          -0.9360473545422383,
          -0.2192806576000612,
          0.27519328345176164
        ],
        [
          0.34701299753439707,
          -0.7048153527458012,
          0.6187223109570272
        ]
      ],
      "tx": 0.03156090131429154,
      "ty": 0.05398731746991006,
      "tz": 0.0
    },
    {
      "R": [
        [
          0.8271951202548773,
          -0.005075887939353395,
          0.5618918653870567
        ],
        [
          0.029724363443907033,
          0.998954427246164,
          -0.03473491763546976
        ],
        [
          -0.5611280560125057,
          0.045434432393455425,
          0.8264811051129426
        ]
      ],
      "tx": -0.08714664118815593,
      "ty": -0.056666621500055483,
      "tz": 0.0
    },
    {
      "R": [
        [
          -0.5949902940964853,
          -0.2612607521262684,
          0.7600851066356942
        ],
        [
          0.6449825850279431,
          -0.7194768165266678,
          0.25758605453580713
        ],
        [
          0.479566486466319,
          0.6435028592625429,
          0.5965903579335503
        ]
      ],
      "tx": 0.054605229118105336,
      "ty": -0.04736261541851303,
      "tz": 0.0
    },
    {
      "R": [
        [
          -0.3951414698827658,
          0.510703047039719,
          -0.763574237728876
        ],
        [
          -0.9118784235718028,
          -0.31858526380857,
          0.2588072068320892
        ],
        [
          -0.11108987083929489,
          0.798552332304133,
          0.5915853388722021
        ]
      ],
      "tx": 0.09117537035775578,
      "ty": 0.002658283565996525,
      "tz": 0.0
    },
    {
      "R": [
        [
          -0.029218137108691256,
          0.2648881253843183,
          -0.9638363873055837
        ],
        [
          0.890272162606486,
          0.445325122441377,
          0.09539922332253509
        ],
        [
          0.4544906786193397,
          -0.8552893173382643,
          -0.24883409472011198
        ]
      ],
      "tx": -0.02825841238650853,
      "ty": -0.02396553925077874,
      "tz": 0.0
    },
    {
      "R": [
        [
          -0.8444618217508837,
          -0.42226128766974735,
          0.32951424330469603
        ],
        [
          -0.38555667814305083,
          0.9062692632301472,
          0.17326878098371362
        ],
        [
          -0.3717933290747366,
          0.019272453392682007,
          -0.9281154524065163
        ]
      ],
      "tx": -0.0050230814152534,
      "ty": -0.09472328859988066,
      "tz": 0.0
    },
    {
      "R": [
        [
          -0.031248807010770818,
          0.5415466105738231,
          -0.8400897455846058
        ],
        [
          0.7558577580443251,
          0.5627507249328577,
          0.33465007275025316
        ],
        [
          0.6539897259625799,
          -0.6245309361140945,
          -0.4269174957434314
        ]
      ],
      "tx": -0.02349480713869996,
      "ty": 0.03615890473920377,
      "tz": 0.0
    },
    {
      "R": [
        [
          0.5821439581892048,
          -0.724685829211292,
          -0.36869887562094283
        ],
        [
          -0.7980924494142833,
          -0.5959648453445785,
          -0.08873750786066958
        ],
        [
          -0.15542475392200228,
          0.34591379280646634,
          -0.9253036225015712
        ]
      ],
      "tx": -0.012327042403936408,
      "ty": 0.09628875484277499,
      "tz": 0.0
    },
    {
      "R": [
        [
          -0.9621308841465321,
          0.27242525617089386,
          0.009414965301823355
        ],
        [
          0.2092478678776553,
          0.7159884190782627,
          0.6660149499331568
        ],
        [
          0.1746982872270561,
          0.6427636140495453,
          -0.7458789746962302
        ]
      ],
      "tx": 0.07641749843592283,
      "ty": 0.09850755059794422,
      "tz": 0.0
    }
  ],
  "points_N": 51035
}