{
  "type": "scene",
  "distance_m": 0.3,
  "num_objects": 11,
  "intrinsics": {
    "width": 640,
    "height": 480,
    "fx": 554.2562584220408,
    "fy": 554.2562584220408,
    "cx": 0.024685141135648972,
    "cy": 0.0925782223982935
  },
  "T_wc": [
    [
      0.999999999999,
      0.0,
      0.0,
      0.0
    ],
    [
      -0.0,
      0.9999999999956668,
      0.0,
      0.0
    ],
    [
      0.0,
      0.0,
      -0.9999999999966668,
      0.31501416601240634
    ],
    [
      0.0,
      0.0,
      0.0,
      1.0
    ]
  ],
  "bin_size": {
    "w": 0.25,
    "d": 0.25
  },
  "z_floor": 0.0,
  "piece_aabb": {
    "w": 0.0300283320248127,
    "d": 0.0300283320248127,
    "h": 0.0300283320248127
  },
  "poses": [
    {
      "R": [
        [
          0.7841839761268152,
          -0.6194715116740817,
          -0.036201350943941
        ],
        [
          -0.048804491045946696,
          -0.0034121007274969806,
          -0.998802522635166
        ],
        [
          0.6186061859048004,
          0.7850117220735326,
          -0.03290870656015055
        ]
      ],
      "tx": -0.038907706123215396,
      "ty": -0.09717336519064818,
      "tz": 0.0
    },
    {
      "R": [
        [
          0.13338104406756246,
          0.9764672737324551,
          -0.16947318493777602
        ],
        [
          0.9266793805334683,
          -0.062249070059460676,
          0.3706620819167238
        ],
        [
          0.35138984444282767,
          -0.20648660151748113,
          -0.9131749342903619
        ]
      ],
      "tx": 0.06059848680349145,
      "ty": 0.0370511107848486,
      "tz": 0.0
    },
    {
      "R": [
        [
          0.3265042547202146,
          0.2932311318036622,
          0.8985602233521917
        ],
        [
          -0.9019491525692931,
          -0.18761143127239333,
          0.3889597370364421
        ],
        [
          0.28263527350479684,
          -0.9374526410422381,
          0.20322364029266227
        ]
      ],
      "tx": -0.025710402351361877,
      "ty": 0.06372932350504473,
      "tz": 0.0
    },
    {
      "R": [
        [
          0.7257431447402061,
          0.1298229670203611,
          -0.6756055691722993
        ],
        [
          0.5789222984866793,
          -0.6457974133618878,
          0.49778978817367797
        ],
        [
          -0.37167978177121297,
          -0.7523906552643549,
          -0.543840456102135
        ]
      ],
      "tx": -0.08984678195514073,
      "ty": 0.013690666723888648,
      "tz": 0.0
    },
    {
      "R": [
        [
          0.37882869852557244,
          -0.14160510872032028,
          0.9145691938599985
        ],
        [
          -0.9233538697028099,
          -0.12457196475258647,
          0.3631796482493576
        ],
        [
          0.06250158780597098,
          -0.9820538777388881,
          -0.1779430603865908
        ]
      ],
      "tx": -0.011240324618962474,
      "ty": -0.027099537624354422,
      "tz": 0.0
    },
    {
      "R": [
        [
          0.3100615911921365,
          0.23846556749979286,
          -0.9203238466889805
        ],
        [
          -0.026074969654525118,
          -0.9655346948318264,
          -0.2589649571535254
        ],
        [
          -0.9503588299294725,
          0.10429250305277653,
          -0.2931572413945638
        ]
      ],
      "tx": 0.0572317211075542,
      "ty": -0.061714692203788085,
      "tz": 0.0
    },
    {
      "R": [
        [
          0.6016345860312011,
          -0.34879777322859773,
          -0.7185930268808882
        ],
        [
          -0.7985093778382358,
          -0.2856711366036475,
          -0.5298818502420832
        ],
        [
          -0.020459677305830815,
          0.8925985184293954,
          -0.4503879289037278
        ]
      ],
      "tx": -0.09219948656666656,
      "ty": -0.0720055213299716,
      "tz": 0.0
    },
    {
      "R": [
        [
          -0.11073252960829194,
          -0.35756076916971835,
          -0.927301786495264
        ],
        [
          0.9774018717366993,
          0.129869393519922,
          -0.16679185157664117
        ],
        [
          0.18006634336306543,
          -0.9248157854283885,
          0.33509979858294103
        ]
      ],
      "tx": 0.0977122786421239,
      "ty": -0.011777229515207072,
      "tz": 0.0
    },
    {
      "R": [
        [
          -0.48682546052262765,
          0.09829821579464676,
          -0.8679507081387288
        ],
        [
          0.8730208694460577,
          0.02187282624058251,
          -0.48719209864682617
        ],
        [
          -0.02890557902172347,
          -0.994916599642321,
          -0.09646464252554177
        ]
      ],
      "tx": 0.08177480725962738,
      "ty": 0.09702134534781018,
      "tz": 0.0
    },
    {
      "R": [
        [
          -0.6332512967744499,
          -0.5591333595775981,
          -0.5351286586802713
        ],
        [
          0.039056182841904596,
          -0.7136343462154073,
          0.6994287915746163
        ],
        [
          -0.7729601604968381,
          0.42201410652865234,
          0.47374748988836424
        ]
      ],
      "tx": -0.09706013374338576,
      "ty": 0.07847902168174567,
      "tz": 0.0
    },
    {
      "R": [
        [
          -0.8849398026729127,
          0.17113998729941365,
          -0.4331196721373697
        ],
        [
          0.3582320781546143,
          0.8444224718980722,
          -0.39827185079362043
        ],
        [
          0.297575744687386,
          -0.5076039732908973,
          -0.8085708889596763
        ]
      ],
      "tx": 0.024685141135648972,
      "ty": 0.0925782223982935,
      "tz": 0.0
    }
  ],
  "points_N": 52257
}