{
  "type": "scene",
  "distance_m": 0.3,
  "num_objects": 12,
  "intrinsics": {
    "width": 640,
    "height": 480,
    "fx": 554.2562584220408,
    "fy": 554.2562584220408,
    "cx": 0.0017712076954976702,
    "cy": 0.09652143734389695
  },
  "T_wc": [
    [
      0.999999999999,
      0.0,
      0.0,
      0.0
    ],
    [
      -0.0,
      0.9999999999956668,
      0.0,
      0.0
    ],
    [
      0.0,
      0.0,
      -0.9999999999966668,
      0.31501416601240634
    ],
    [
      0.0,
      0.0,
      0.0,
      1.0
    ]
  ],
  "bin_size": {
    "w": 0.25,
    "d": 0.25
  },
  "z_floor": 0.0,
  "piece_aabb": {
    "w": 0.0300283320248127,
    "d": 0.0300283320248127,
    "h": 0.0300283320248127
  },
  "poses": [
    {
      "R": [
        [
          0.8461412027566381,
          0.16301799872776718,
          -0.5074152117234403
        ],
        [
          0.07909829598666579,
          -0.979939550281302,
          -0.18292604343418473
        ],
        [
          -0.5270564718979891,
          0.11464558380187671,
          -0.8420616756183426
        ]
      ],
      "tx": 0.0613041244210073,
      "ty": 8.165622370631676e-06,
      "tz": 0.0
    },
    {
      "R": [
        [
          -0.4535720839094852,
          0.8347750955979576,
          -0.3121264238532645
        ],
        [
          0.8308017126904113,
          0.5227986814556018,
          0.1909189693533976
        ],
        [
          0.32255368373138504,
          -0.1727196527257537,
          -0.9306594665470334
        ]
      ],
      "tx": -0.041729826534141284,
      "ty": 0.05725038588079298,
      "tz": 0.0
    },
    {
      "R": [
        [
          0.45723635622500325,
          -0.575260871782724,
          -0.6782402553239244
        ],
        [
          0.6521010261252617,
          0.7354270462482173,
          -0.18415024130585134
        ],
        [
          0.6047306559721135,
          -0.358080981123548,
          0.7113921876750788
        ]
      ],
      "tx": -0.09657696721005381,
      "ty": 0.09860137522517795,
      "tz": 0.0
    },
    {
      "R": [
        [
          0.050730453661728125,
          -0.6650386233307708,
          -0.7450839218165888
        ],
        [
          0.984421096474509,
          0.15905590058485453,
          -0.07494214638684038
        ],
        [
          0.16834941605839038,
          -0.7296744821956255,
          0.6627470287714197
        ]
      ],
      "tx": -0.0549181529277547,
      "ty": -0.05781705310208035,
      "tz": 0.0
    },
    {
      "R": [
        [
          -0.4314599345839534,
          -0.9014504504561262,
          0.035062946556981806
        ],
        [
          -0.7419549847765704,
          0.3324753090842726,
          -0.5822052639872957
        ],
        [
          0.5131716334853376,
          -0.2772133730932991,
          -0.8122854303532874
        ]
      ],
      "tx": -0.018855459356775656,
      "ty": 0.0027273444483035536,
      "tz": 0.0
    },
    {
      "R": [
        [
          0.5057139103200992,
          -0.8210900239818313,
          -0.26469721083961273
        ],
        [
          0.48009032243783806,
          0.5227782326617054,
          -0.7044261506763052
        ],
        [
          0.7167752250254521,
          0.2291595338898636,
          0.6585735986335111
        ]
      ],
      "tx": 0.0452793843939423,
      "ty": 0.05756819066860952,
      "tz": 0.0
    },
    {
      "R": [
        [
          -0.6544682423435466,
          0.015596575979807292,
          0.7559286120934005
        ],
        [
          -0.7559096753080174,
          -0.035300568202577765,
          -0.6537235139264173
        ],
        [
          0.016488861072743055,
          -0.9992550308616319,
          0.03489270351008256
        ]
      ],
      "tx": 0.08663465066849296,
      "ty": -0.06015865497711216,
      "tz": 0.0
    },
    {
      "R": [
        [
          0.6644066237403965,
          -0.5835821761159763,
          0.46690007715744586
        ],
        [
          0.24931846348083325,
          -0.41586865614177526,
          -0.8745819370455753
        ],
        [
          0.7045595376527407,
          0.6974848418127636,
          -0.13080807828257668
        ]
      ],
      "tx": 0.02294141766376942,
      "ty": -0.09759730222317732,
      "tz": 0.0
    },
    {
      "R": [
        [
          0.11778712810528535,
          -0.9401924616532232,
          0.3196315496054194
        ],
        [
          0.799832944846688,
          0.28058816879715653,
          0.5306011118240648
        ],
        [
          -0.5885519966753867,
          0.19315386245558475,
          0.7850465799096922
        ]
      ],
      "tx": -0.08165947626827812,
      "ty": 0.012300906560163485,
      "tz": 0.0
    },
    {
      "R": [
        [
          -0.6725696313040879,
          -0.017094484573327018,
          0.7398363803197674
        ],
        [
          0.690843991139938,
          -0.3729063468841991,
          0.6194153988716481
        ],
        [
          0.2653010948965808,
          0.9277115042138121,
          0.26261510618397743
        ]
      ],
      "tx": 0.09890587772115614,
      "ty": 0.08995919315902359,
      "tz": 0.0
    },
    {
      "R": [
        [
          -0.6920964365022264,
          -0.11138574593356818,
          -0.7131589852085878
        ],
        [
          0.34739015913799676,
          0.8146659128971552,
          -0.4643700331605412
        ],
        [
          0.6327105182585455,
          -0.5691332585311347,
          -0.5251330632503874
        ]
      ],
      "tx": -0.09687822357736783,
      "ty": -0.09749599749301463,
      "tz": 0.0
    },
    {
      "R": [
        [
          -0.7371059900678358,
          -0.45723561305539423,
          0.4976046156939996
        ],
        [
          0.26722130600293764,
          0.4791175857214103,
          0.8360855893211959
        ],
        [
          -0.6206992291151968,
          0.7492542513768906,
          -0.2309773447103749
        ]
      ],
      "tx": 0.0017712076954976702,
      "ty": 0.09652143734389695,
      "tz": 0.0
    }
  ],
  "points_N": 60375
}