{
  "type": "scene",
  "distance_m": 0.3,
  "num_objects": 10,
  "intrinsics": {
    "width": 640,
    "height": 480,
    "fx": 554.2562584220408,
    "fy": 554.2562584220408,
    "cx": -0.022192998655512802,
    "cy": -0.09649200202420231
  },
  "T_wc": [
    [
      0.999999999999,
      0.0,
      0.0,
      0.0
    ],
    [
      -0.0,
      0.9999999999956668,
      0.0,
      0.0
    ],
    [
      0.0,
      0.0,
      -0.9999999999966668,
      0.31501416601240634
    ],
    [
      0.0,
      0.0,
      0.0,
      1.0
    ]
  ],
  "bin_size": {
    "w": 0.25,
    "d": 0.25
  },
  "z_floor": 0.0,
  "piece_aabb": {
    "w": 0.0300283320248127,
    "d": 0.0300283320248127,
    "h": 0.0300283320248127
  },
  "poses": [
    {
      "R": [
        [
          0.737206725586302,
          -0.5602208461513288,
          0.3777285365018268
        ],
        [
          0.3189297025049322,
          0.7813681271117744,
          0.5364211915966346
        ],
        [
          -0.5956593729728746,
          -0.2749844604179063,
          0.7547009062656773
        ]
      ],
      "tx": -0.05486704263482899,
      "ty": -0.0018191311550569272,
      "tz": 0.0
    },
    {
      "R": [
        [
          -0.3010218382775236,
          -0.9030978123360452,
          -0.3062681737201398
        ],
        [
          0.9505064812814571,
          -0.25822478757617073,
          -0.17279290530338556
        ],
        [
          0.07696286066645212,
          -0.3431243221269673,
          0.9361316241015178
        ]
      ],
      "tx": -0.06263926804882892,
      "ty": 0.0651188977028822,
      "tz": 0.0
    },
    {
      "R": [
        [
          -0.06325253891795946,
          -0.8794977367683231,
          -0.4716808744689885
        ],
        [
          -0.9722592671765787,
          -0.05234051059764422,
          0.22797453441040333
        ],
        [
          -0.225191104863612,
          0.4730160694625242,
          -0.8517891548502661
        ]
      ],
      "tx": 0.08221829639341904,
      "ty": 0.027480974978356054,
      "tz": 0.0
    },
    {
      "R": [
        [
          -0.24669939710229705,
          -0.3130312969861573,
          -0.9171427449293417
        ],
        [
          0.2729209189780154,
          0.8856459573773287,
          -0.3756932394459482
        ],
        [
          0.9298675063973141,
          -0.3429907364468597,
          -0.13305553448873164
        ]
      ],
      "tx": 0.01599597561503005,
      "ty": 0.05671094588159667,
      "tz": 0.0
    },
    {
      "R": [
        [
          0.5342719669674284,
          0.5550996550257266,
          0.6375090888003672
        ],
        [
          -0.0570723450463268,
          -0.7287609267333228,
          0.6823857113815481
        ],
        [
          0.8433837873374541,
          -0.4009636949364716,
          -0.35767569472809324
        ]
      ],
      "tx": 0.09110141908333413,
      "ty": -0.09216294998687027,
      "tz": 0.0
    },
    {
      "R": [
        [
          -0.4331053979654145,
          0.8486110698054545,
          -0.3037745322716532
        ],
        [
          0.10527571014050369,
          0.3823441597633013,
          0.9180032507291616
        ],
        [
          0.8951741389850538,
          0.3656120836331001,
          -0.2549334524808984
        ]
      ],
      "tx": 0.08794385894149107,
      "ty": 0.0884081722647714,
      "tz": 0.0
    },
    {
      "R": [
        [
          0.3243901966611069,
          -0.2478463718948919,
          0.9128763203461393
        ],
        [
          0.6077981074689528,
          -0.684865074804982,
          -0.4019219947570989
        ],
        [
          0.7248120176068603,
          0.6852240547812847,
          -0.07152296052155038
        ]
      ],
      "tx": -0.07653549071254394,
      "ty": -0.06104553234178687,
      "tz": 0.0
    },
    {
      "R": [
        [
          -0.9406909534947747,
          -0.24956308865700616,
          0.2298233991417459
        ],
        [
          0.310668561048394,
          -0.36143635011190933,
          0.8791182002403893
        ],
        [
          -0.1363289227904748,
          0.8983774427253594,
          0.4175313104583084
        ]
      ],
      "tx": 0.014419850645692359,
      "ty": -0.05072401874457789,
      "tz": 0.0
    },
    {
      "R": [
        [
          0.3287184867680254,
          -0.11175788165034276,
          -0.937792265027798
        ],
        [
          -0.023460744632101155,
          0.9917011456425503,
          -0.12640581945686127
        ],
        [
          0.9441365102135638,
          0.06355323453830855,
          0.323368576799713
        ]
      ],
      "tx": 0.07641177414466649,
      "ty": -0.03174734528049655,
      "tz": 0.0
    },
    {
      "R": [
        [
          0.8476434976852991,
          -0.5151224527423768,
          0.12708013028207926
        ],
        [
          0.40457405301098814,
          0.47258559459795824,
          -0.7829321116219187
        ],
        [
          0.3432496707385086,
          0.7150606369107254,
          0.6089892848636446
        ]
      ],
      "tx": -0.022192998655512802,
      "ty": -0.09649200202420231,
      "tz": 0.0
    }
  ],
  "points_N": 49477
}