{
  "type": "scene",
  "distance_m": 0.3,
  "num_objects": 3,
  "intrinsics": {
    "width": 640,
    "height": 480,
    "fx": 554.2562584220408,
    "fy": 554.2562584220408,
    "cx": -0.01867609620437205,
    "cy": -0.0411846086830739
  },
  "T_wc": [
    [
      0.999999999999,
      0.0,
      0.0,
      0.0
    ],
    [
      -0.0,
      0.9999999999956668,
      0.0,
      0.0
    ],
    [
      0.0,
      0.0,
      -0.9999999999966668,
      0.31501416601240634
    ],
    [
      0.0,
      0.0,
      0.0,
      1.0
    ]
  ],
  "bin_size": {
    "w": 0.25,
    "d": 0.25
  },
  "z_floor": 0.0,
  "piece_aabb": {
    "w": 0.0300283320248127,
    "d": 0.0300283320248127,
    "h": 0.0300283320248127
  },
  "poses": [
    {
      "R": [
        [
          0.9628886342310187,
          -0.26826675185589666,
          -0.029638284657014805
        ],
        [
          -0.13698924116259598,
          -0.3911492007315709,
          -0.9100748598729389
        ],
        [
          0.23254983524917755,
          0.8803608649955654,
          -0.4133827784388706
        ]
      ],
      "tx": 0.020233934215899516,
      "ty": 0.08134807579937015,
      "tz": 0.0
    },
    {
      "R": [
        [
          0.374749692430548,
          -0.6572780966691427,
          -0.6538716782842018
        ],
        [
          -0.6454363425978051,
          0.32134077639749414,
          -0.6929300347641342
        ],
        [
          0.665563367138831,
          0.6817078619637921,
          -0.3038088136634238
        ]
      ],
      "tx": -0.026915143121575946,
      "ty": 0.03996111954605705,
      "tz": 0.0
    },
    {
      "R": [
        [
          0.47070957590701357,
          0.7704205956231137,
          -0.429982093800621
        ],
        [
          0.5793706325531843,
          0.09764008488689757,
          0.8091947132539872
        ],
        [
          0.6654037610987501,
          -0.6300146979737902,
          -0.400398944869528
        ]
      ],
      "tx": -0.01867609620437205,
      "ty": -0.0411846086830739,
      "tz": 0.0
    }
  ],
  "points_N": 14949
}