{
  "type": "scene",
  "distance_m": 0.3,
  "num_objects": 10,
  "intrinsics": {
    "width": 640,
    "height": 480,
    "fx": 554.2562584220408,
    "fy": 554.2562584220408,
    "cx": 0.03209062390013906,
    "cy": -0.03207845721989816
  },
  "T_wc": [
    [
      0.999999999999,
      0.0,
      0.0,
      0.0
    ],
    [
      -0.0,
      0.9999999999956668,
      0.0,
      0.0
    ],
    [
      0.0,
      0.0,
      -0.9999999999966668,
      0.31501416601240634
    ],
    [
      0.0,
      0.0,
      0.0,
      1.0
    ]
  ],
  "bin_size": {
    "w": 0.25,
    "d": 0.25
  },
  "z_floor": 0.0,
  "piece_aabb": {
    "w": 0.0300283320248127,
    "d": 0.0300283320248127,
    "h": 0.0300283320248127
  },
  "poses": [
    {
      "R": [
        [
          0.2701406471055612,
          0.40202042711272673,
          -0.87487348054761
        ],
        [
          0.8421782844417787,
          -0.5390579827732089,
          0.012338088311451167
        ],
        [
          -0.4666473700730468,
          -0.740132466111695,
          -0.48419434591012034
        ]
      ],
      "tx": 0.05549562567345734,
      "ty": 0.02252750290440428,
      "tz": 0.0
    },
    {
      "R": [
        [
          0.5243675489566412,
          -0.6817423498879914,
          0.5101627602740171
        ],
        [
          0.7741659443316841,
          0.6311799210721192,
          0.04773885076565265
        ],
        [
          -0.3545500870656167,
          0.3699179309044008,
          0.8587519782551716
        ]
      ],
      "tx": -0.09553499051961016,
      "ty": 0.07460662497656137,
      "tz": 0.0
    },
    {
      "R": [
        [
          0.5016901479225904,
          -0.37372141764196914,
          -0.780153380735536
        ],
        [
          0.024492444348836573,
          -0.8953637330990714,
          0.44466156301249343
        ],
        [
          -0.8647005930651536,
          -0.2421901885844499,
          -0.44004181267943143
        ]
      ],
      "tx": -0.05782402474988145,
      "ty": -0.024868236195502047,
      "tz": 0.0
    },
    {
      "R": [
        [
          -0.07832604535526366,
          -0.5758743800545625,
          0.8137774444009731
        ],
        [
          -0.5140586852874418,
          0.722726396222172,
          0.46196344474888795
        ],
        [
          -0.8541713520714402,
          -0.3821455934594633,
          -0.3526415271915131
        ]
      ],
      "tx": -0.0006505261060729545,
      "ty": 0.07949406706155374,
      "tz": 0.0
    },
    {
      "R": [
        [
          -0.05292587245781788,
          0.5129574825002519,
          -0.8567808781547255
        ],
        [
          0.9898828426108037,
          0.14005861235289851,
          0.022705572235362848
        ],
        [
          0.13164653405742793,
          -0.8469109789421697,
          -0.5151805351698393
        ]
      ],
      "tx": -0.07175838616952092,
      "ty": -0.08574595325153554,
      "tz": 0.0
    },
    {
      "R": [
        [
          -0.4758787590202438,
          0.3372829493913656,
          -0.8122681938640797
        ],
        [
          0.8756913308437437,
          0.2676798160908074,
          -0.40188581605065943
        ],
        [
          0.08187856739382676,
          -0.9025451390969058,
          -0.42273889351948823
        ]
      ],
      "tx": 0.07708445583551138,
      "ty": 0.08740408785380091,
      "tz": 0.0
    },
    {
      "R": [
        [
          -0.09328588736334797,
          -0.08505265349262206,
          -0.9919998938269583
        ],
        [
          0.49825093754484184,
          0.8586224872553534,
          -0.12047168802302324
        ],
        [
          0.8619998529318429,
          -0.5055031854630537,
          -0.03771979629036504
        ]
      ],
      "tx": 0.0831319480091968,
      "ty": -0.07861861739035794,
      "tz": 0.0
    },
    {
      "R": [
        [
          0.3136860781304016,
          0.41814065367646347,
          0.852501869869027
        ],
        [
          0.8993761594416348,
          0.1570815379868722,
          -0.4079802865969063
        ],
        [
          -0.30450544858045236,
          0.8946975936967186,
          -0.32679144361215884
        ]
      ],
      "tx": -0.014939620205817808,
      "ty": -0.07702926466674447,
      "tz": 0.0
    },
    {
      "R": [
        [
          -0.7165502566812745,
          0.6686133210154173,
          -0.19877614698633725
        ],
        [
          -0.6844566363664351,
          -0.7288862646799676,
          0.015618133525792263
        ],
        [
          -0.1344427111596054,
          0.14724483054293735,
          0.9799204647798905
        ]
      ],
      "tx": -0.023688962215779874,
      "ty": 0.023720859136794434,
      "tz": 0.0
    },
    {
      "R": [
        [
          0.23332937753879868,
          0.5978737063984765,
          0.7668796729440057
        ],
        [
          0.5325973338039656,
          -0.7384100121061676,
          0.41363115700618674
        ],
        [
          0.813570821503736,
          0.3119257687635279,
          -0.4907186904724723
        ]
      ],
      "tx": 0.03209062390013906,
      "ty": -0.03207845721989816,
      "tz": 0.0
    }
  ],
  "points_N": 48775
}