{
  "type": "scene",
  "distance_m": 0.3,
  "num_objects": 11,
  "intrinsics": {
    "width": 640,
    "height": 480,
    "fx": 554.2562584220408,
    "fy": 554.2562584220408,
    "cx": -0.08084570163293808,
    "cy": -0.09258357162159425
  },
  "T_wc": [
    [
      0.999999999999,
      0.0,
      0.0,
      0.0
    ],
    [
      -0.0,
      0.9999999999956668,
      0.0,
      0.0
    ],
    [
      0.0,
      0.0,
      -0.9999999999966668,
      0.31501416601240634
    ],
    [
      0.0,
      0.0,
      0.0,
      1.0
    ]
  ],
  "bin_size": {
    "w": 0.25,
    "d": 0.25
  },
  "z_floor": 0.0,
  "piece_aabb": {
    "w": 0.0300283320248127,
    "d": 0.0300283320248127,
    "h": 0.0300283320248127
  },
  "poses": [
    {
      "R": [
        [
          -0.9852010256587507,
          0.08147149073939072,
          -0.15080230514699405
        ],
        [
          0.17094531378303654,
          0.40279499048780965,
          -0.8991851285099997
        ],
        [
          -0.012515539803177059,
          -0.9116570582377053,
          -0.4107612073076137
        ]
      ],
      "tx": -0.04130225475301728,
      "ty": 0.07243916348066126,
      "tz": 0.0
    },
    {
      "R": [
        [
          -0.02087556216868247,
          -0.7934445396671954,
          -0.6082844510395229
        ],
        [
          0.8330491363220067,
          -0.3502135872129868,
          0.4282284201271213
        ],
        [
          -0.5528049813246079,
          -0.4977913275698201,
          0.6682891940013516
        ]
      ],
      "tx": 0.03992062244441147,
      "ty": 0.053385081248056854,
      "tz": 0.0
    },
    {
      "R": [
        [
          -0.06860396131518942,
          -0.7455720290942448,
          0.662884489126239
        ],
        [
          0.6294089327017808,
          -0.5478714160068014,
          -0.5510728690090885
        ],
        [
          0.7740399808324306,
          0.3794196370181612,
          0.5068558445139382
        ]
      ],
      "tx": 0.08993349612081947,
      "ty": -0.03047891295420853,
      "tz": 0.0
    },
    {
      "R": [
        [
          0.1929117210987632,
          -0.976715982965318,
          0.09386669528009173
        ],
        [
          0.5398314767249652,
          0.025762219826883204,
          -0.8413787998081093
        ],
        [
          0.8193699070625283,
          0.21298402909533837,
          0.5322318655911724
        ]
      ],
      "tx": 0.029036234014884116,
      "ty": -0.026231272142329815,
      "tz": 0.0
    },
    {
      "R": [
        [
          -0.8507366982259295,
          -0.21450424631779746,
          -0.4798280927616442
        ],
        [
          -0.06775110808158281,
          0.9500679509534427,
          -0.30459920539102625
        ],
        [
          0.5212071158813557,
          -0.2266248373033296,
          -0.8227905720606417
        ]
      ],
      "tx": -0.036655411817556584,
      "ty": -0.04968466367228324,
      "tz": 0.0
    },
    {
      "R": [
        [
          0.04258857332643484,
          -0.8454893719933826,
          -0.5322912128414805
        ],
        [
          -0.24428462002487417,
          0.507791417936772,
          -0.8261191804389154
        ],
        [
          0.9687678967850459,
          0.16521379396405744,
          -0.18491393793513833
        ]
      ],
      "tx": -0.07501389771444023,
      "ty": -0.0017594540017882576,
      "tz": 0.0
    },
    {
      "R": [
        [
          -0.3734985199604277,
          0.8742120351516517,
          -0.31024534353214306
        ],
        [
          0.4080386738959759,
          -0.14552504109494113,
          -0.9012917968224992
        ],
        [
          -0.8330686023327152,
          -0.463223250722935,
          -0.3023589320610416
        ]
      ],
      "tx": 0.09820783642973727,
      "ty": 0.08429589074892965,
      "tz": 0.0
    },
    {
      "R": [
        [
          0.7687361624728197,
          0.5478982000542895,
          0.32992768129369243
        ],
        [
          -0.4653771698600876,
          0.8330514023904564,
          -0.29908101034386836
        ],
        [
          -0.4387126648269658,
          0.07637357758127958,
          0.8953760519289415
        ]
      ],
      "tx": -0.014339855743124658,
      "ty": 0.016964958514887732,
      "tz": 0.0
    },
    {
      "R": [
        [
          0.6849564163483688,
          -0.708354626185797,
          0.17049466638103294
        ],
        [
          0.15133421757760168,
          -0.09058254359976048,
          -0.9843235024041499
        ],
        [
          0.7126939471423727,
          0.7000203756721493,
          0.045153198673490325
        ]
      ],
      "tx": -0.09863550470527166,
      "ty": 0.09586077032957843,
      "tz": 0.0
    },
    {
      "R": [
        [
          -0.006320240228719021,
          -0.5220813362517116,
          0.852872284050243
        ],
        [
          -0.007932852391553724,
          -0.8528363041032594,
          -0.5221180979974038
        ],
        [
          0.9999485608852012,
          -0.010065621745323328,
          0.0012485361408356432
        ]
      ],
      "tx": 0.05499026533684609,
      "ty": -0.08204311183802912,
      "tz": 0.0
    },
    {
      "R": [
        [
          -0.5610912569319788,
          0.8005749553456505,
          -0.21037191416109285
        ],
        [
          0.7062222316992262,
          0.5955611343732805,
          0.3828277611116727
        ],
        [
          0.43177165359511155,
          0.0662319869649187,
          -0.8995479770720527
        ]
      ],
      "tx": -0.08084570163293808,
      "ty": -0.09258357162159425,
      "tz": 0.0
    }
  ],
  "points_N": 53837
}