{
  "type": "scene",
  "distance_m": 0.3,
  "num_objects": 11,
  "intrinsics": {
    "width": 640,
    "height": 480,
    "fx": 554.2562584220408,
    "fy": 554.2562584220408,
    "cx": -0.0972077794580096,
    "cy": 0.09044591117586853
  },
  "T_wc": [
    [
      0.999999999999,
      0.0,
      0.0,
      0.0
    ],
    [
      -0.0,
      0.9999999999956668,
      0.0,
      0.0
    ],
    [
      0.0,
      0.0,
      -0.9999999999966668,
      0.31501416601240634
    ],
    [
      0.0,
      0.0,
      0.0,
      1.0
    ]
  ],
  "bin_size": {
    "w": 0.25,
    "d": 0.25
  },
  "z_floor": 0.0,
  "piece_aabb": {
    "w": 0.0300283320248127,
    "d": 0.0300283320248127,
    "h": 0.0300283320248127
  },
  "poses": [
    {
      "R": [
        [
          -0.6019447879594062,
          -0.7288829690294841,
          0.32617800310148093
        ],
        [
          -0.4269325040366242,
          0.6389416606494225,
          0.6399079553213698
        ],
        [
          -0.6748267253491991,
          0.24593326685367803,
          -0.6957914335554543
        ]
      ],
      "tx": 0.07508521411270572,
      "ty": 0.0010216213012095299,
      "tz": 0.0
    },
    {
      "R": [
        [
          -0.1505284950472754,
          -0.8604931104048937,
          0.48671632305123447
        ],
        [
          -0.9646237698912242,
          0.02006079909382552,
          -0.2628660246219727
        ],
        [
          0.2164304847743144,
          -0.5090669614946823,
          -0.8330718300212334
        ]
      ],
      "tx": 0.009138231286202975,
      "ty": 0.013351250362231018,
      "tz": 0.0
    },
    {
      "R": [
        [
          -0.19457584036609088,
          0.2353723684192048,
          -0.9522290115988715
        ],
        [
          -0.6326415444743628,
          0.7117676648316991,
          0.30520725336256815
        ],
        [
          0.7496031740533936,
          0.6618055904000542,
          0.01041354715327647
        ]
      ],
      "tx": 0.04418505631070532,
      "ty": 0.0720711752399475,
      "tz": 0.0
    },
    {
      "R": [
        [
          -0.11114690241867842,
          -0.9632174601060102,
          0.2446599489692981
        ],
        [
          0.9904855319121944,
          -0.12746805753896062,
          -0.051868153811965106
        ],
        [
          0.08114663982784659,
          0.23656715506209006,
          0.9682206380729956
        ]
      ],
      "tx": -0.04503052003046596,
      "ty": 0.03966529925328499,
      "tz": 0.0
    },
    {
      "R": [
        [
          0.029180334125529672,
          -0.6997432633216853,
          -0.7137982022506368
        ],
        [
          -0.9620298073531515,
          0.17421553090267006,
          -0.21011329933242967
        ],
        [
          0.27138009850462663,
          0.6928263232789438,
          -0.66809020940843
        ]
      ],
      "tx": -0.023981533433031776,
      "ty": -0.083433507314803,
      "tz": 0.0
    },
    {
      "R": [
        [
          -0.7086710008610142,
          0.021480651627691263,
          -0.7052120207032052
        ],
        [
          0.24286624737998636,
          0.9458779354150695,
          -0.21524617808102647
        ],
        [
          0.6624208620070865,
          -0.32381092152763385,
          -0.6755331884350413
        ]
      ],
      "tx": 0.06845555935018113,
      "ty": -0.09325589062138447,
      "tz": 0.0
    },
    {
      "R": [
        [
          0.5384893640875141,
          0.6952739405833783,
          0.47604973722320815
        ],
        [
          -0.34019552616819726,
          -0.3374808342043898,
          0.8777093428463962
        ],
        [
          0.7709060959285301,
          -0.6345871367199072,
          0.05479924424535265
        ]
      ],
      "tx": -0.05479186439594177,
      "ty": -0.021886459845697204,
      "tz": 0.0
    },
    {
      "R": [
        [
          0.8397319577693139,
          0.1559234669783385,
          -0.5201327826107196
        ],
        [
          0.2683455295785545,
          -0.9519054955551729,
          0.14787360916358785
        ],
        [
          -0.47206028837016173,
          -0.26374950232619476,
          -0.8411868307139407
        ]
      ],
      "tx": -0.08850211228664846,
      "ty": -0.09437818551153539,
      "tz": 0.0
    },
    {
      "R": [
        [
          0.8395461858037674,
          -0.529115485746278,
          -0.12328424329907872
        ],
        [
          0.3127053810203072,
          0.6561840861832678,
          -0.6867589021780309
        ],
        [
          0.444271928646511,
          0.5380141706157098,
          0.7163541063143279
        ]
      ],
      "tx": -0.028721975794587157,
      "ty": 0.09743163924818743,
      "tz": 0.0
    },
    {
      "R": [
        [
          0.864203844520693,
          0.04214129551379864,
          0.5013739386207391
        ],
        [
          -0.4613352853696685,
          0.46406219226824375,
          0.7561851864325815
        ],
        [
          -0.20080206569789175,
          -0.8847996343351472,
          0.42048559724662304
        ]
      ],
      "tx": 0.027129956829199442,
      "ty": -0.04396531254876003,
      "tz": 0.0
    },
    {
      "R": [
        [
          -0.3317285551114948,
          0.7151487310220485,
          0.6152385376755862
        ],
        [
          -0.8898820250480716,
          -0.020727170882751667,
          -0.4557196132311409
        ],
        [
          -0.313155148800053,
          -0.6986649246275005,
          0.6432737954209433
        ]
      ],
      "tx": -0.0972077794580096,
      "ty": 0.09044591117586853,
      "tz": 0.0
    }
  ],
  "points_N": 53702
}