{
  "type": "scene",
  "distance_m": 0.3,
  "num_objects": 8,
  "intrinsics": {
    "width": 640,
    "height": 480,
    "fx": 554.2562584220408,
    "fy": 554.2562584220408,
    "cx": -0.09809426855764708,
    "cy": 0.061413140337986005
  },
  "T_wc": [
    [
      0.999999999999,
      0.0,
      0.0,
      0.0
    ],
    [
      -0.0,
      0.9999999999956668,
      0.0,
      0.0
    ],
    [
      0.0,
      0.0,
      -0.9999999999966668,
      0.31501416601240634
    ],
    [
      0.0,
      0.0,
      0.0,
      1.0
    ]
  ],
  "bin_size": {
    "w": 0.25,
    "d": 0.25
  },
  "z_floor": 0.0,
  "piece_aabb": {
    "w": 0.0300283320248127,
    "d": 0.0300283320248127,
    "h": 0.0300283320248127
  },
  "poses": [
    {
      "R": [
        [
          0.39418519498229276,
          0.3330312338590288,
          0.8565677027130456
        ],
        [
          0.8970509660471476,
          0.0631951254676234,
          -0.43738534546897023
        ],
        [
          -0.19979388471785348,
          0.9407957128896072,
          -0.2738354072027298
        ]
      ],
      "tx": -0.046039670243703576,
      "ty": 0.08777287198889491,
      "tz": 0.0
    },
    {
      "R": [
        [
          -0.5494853590200592,
          -0.4543459772560725,
          -0.7011672932858618
        ],
        [
          0.237164395122602,
          0.7198758448852345,
          -0.6523279985075763
        ],
        [
          0.8011359996334751,
          -0.5247366014506654,
          -0.28780654820430773
        ]
      ],
      "tx": 0.03380343201048988,
      "ty": -0.08249966079584427,
      "tz": 0.0
    },
    {
      "R": [
        [
          -0.300767037486652,
          0.5077005322545507,
          0.8073285320796911
        ],
        [
          0.9533749201057333,
          0.13803860455962713,
          0.26836841350020607
        ],
        [
          0.024808282384911173,
          0.8504031474540044,
          -0.525546416528011
        ]
      ],
      "tx": 0.0785346298536179,
      "ty": 0.0763861045010083,
      "tz": 0.0
    },
    {
      "R": [
        [
          0.15501824085302662,
          0.5035584483289475,
          0.8499401356091945
        ],
        [
          0.8554492848712993,
          -0.49875310345179447,
          0.13946993514871459
        ],
        [
          0.4941415445153503,
          0.705460297191661,
          -0.5080845432309842
        ]
      ],
      "tx": 0.03555542696089217,
      "ty": -0.020050967209620685,
      "tz": 0.0
    },
    {
      "R": [
        [
          0.48531130775211606,
          0.8613346685889904,
          -0.1502515332854381
        ],
        [
          0.3123393963342038,
          -0.33129438695383095,
          -0.8903303491797137
        ],
        [
          -0.8166498858541009,
          0.3851579128871429,
          -0.429809662612306
        ]
      ],
      "tx": 0.010402283665398443,
      "ty": 0.03799542152495192,
      "tz": 0.0
    },
    {
      "R": [
        [
          -0.8419548761508071,
          0.35127347172403506,
          0.409535022420333
        ],
        [
          0.20642065666003012,
          0.9110018003373452,
          -0.3570241340388039
        ],
        [
          -0.49850024977919627,
          -0.216061722304205,
          -0.8395325086767156
        ]
      ],
      "tx": -0.023599778542294697,
      "ty": -0.0788039509474731,
      "tz": 0.0
    },
    {
      "R": [
        [
          0.27543029672324304,
          0.9595260098643866,
          -0.058719571189471034
        ],
        [
          -0.9247496699577394,
          0.28114508026349594,
          0.25650631913597066
        ],
        [
          0.26263320346064084,
          -0.016348707513483968,
          0.9647572338172128
        ]
      ],
      "tx": -0.0810440140299345,
      "ty": -0.00846107297250226,
      "tz": 0.0
    },
    {
      "R": [
        [
          -0.641390327006701,
          0.6934397596912458,
          0.32826779936750505
        ],
        [
          -0.7540649620803763,
          -0.648656867645256,
          -0.10310335115487365
        ],
        [
          0.1414371994383295,
          -0.3136647377949774,
          0.9389408665507377
        ]
      ],
      "tx": -0.09809426855764708,
      "ty": 0.061413140337986005,
      "tz": 0.0
    }
  ],
  "points_N": 38466
}