{
  "type": "scene",
  "distance_m": 0.4,
  "num_objects": 5,
  "intrinsics": {
    "width": 640,
    "height": 480,
    "fx": 554.2562584220408,
    "fy": 554.2562584220408,
    "cx": -0.08967744096425062,
    "cy": -0.09390751065871071
  },
  "T_wc": [
    [
      0.999999999999,
      0.0,
      0.0,
      0.0
    ],
    [
      -0.0,
      0.9999999999965001,
      0.0,
      0.0
    ],
    [
      0.0,
      0.0,
      -0.9999999999975001,
      0.41501416601240637
    ],
    [
      0.0,
      0.0,
      0.0,
      1.0
    ]
  ],
  "bin_size": {
    "w": 0.25,
    "d": 0.25
  },
  "z_floor": 0.0,
  "piece_aabb": {
    "w": 0.0300283320248127,
    "d": 0.0300283320248127,
    "h": 0.0300283320248127
  },
  "poses": [
    {
      "R": [
        [
          -0.47050539675615277,
          0.0615894749585717,
          -0.8802450841655765
        ],
        [
          0.610605103578058,
          0.7428767220666086,
          -0.2744004068801644
        ],
        [
          0.6370134057520016,
          -0.6665890131001997,
          -0.38713435459325685
        ]
      ],
      "tx": 0.039632617487560945,
      "ty": -0.01070837578927765,
      "tz": 0.0
    },
    {
      "R": [
        [
          -0.23206064957243,
          -0.40443745385582186,
          -0.8846345012708026
        ],
        [
          0.014958517769530666,
          0.9078702328991781,
          -0.41898434691731695
        ],
        [
          0.9725862931720559,
          -0.11046260061311214,
          -0.2046311711338904
        ]
      ],
      "tx": -0.038439014050932044,
      "ty": 0.029271871723980464,
      "tz": 0.0
    },
    {
      "R": [
        [
          0.3673730281715374,
          0.42706115280997003,
          -0.8262298892757962
        ],
        [
          0.2801906992701758,
          -0.8978968231032134,
          -0.3395209376513422
        ],
        [
          -0.8868653957701613,
          -0.10677109544149192,
          -0.44952163792598365
        ]
      ],
      "tx": 0.028047482302736543,
      "ty": -0.0815068572092565,
      "tz": 0.0
    },
    {
      "R": [
        [
          0.732759621791926,
          -0.6260479808873686,
          0.2666969484231165
        ],
        [
          0.43453573258331335,
          0.7320905094307479,
          0.524616224596334
        ],
        [
          -0.5236812329839944,
          -0.26852823246034463,
          0.8084865828151302
        ]
      ],
      "tx": 0.003263500629036714,
      "ty": 0.09103159236265312,
      "tz": 0.0
    },
    {
      "R": [
        [
          -0.5946442699871186,
          -0.7166773327574366,
          -0.3643786394441547
        ],
        [
          -0.8036497050635115,
          0.5430074442024286,
          0.24349551760161253
        ],
        [
          0.023352595633413548,
          0.437626000430085,
          -0.8988537923515423
        ]
      ],
      "tx": -0.08967744096425062,
      "ty": -0.09390751065871071,
      "tz": 0.0
    }
  ],
  "points_N": 14134
}