{
  "type": "scene",
  "distance_m": 0.4,
  "num_objects": 13,
  "intrinsics": {
    "width": 640,
    "height": 480,
    "fx": 554.2562584220408,
    "fy": 554.2562584220408,
    "cx": -0.09751354338381846,
    "cy": 0.01543033463763284
  },
  "T_wc": [
    [
      0.999999999999,
      0.0,
      0.0,
      0.0
    ],
    [
      -0.0,
      0.9999999999965001,
      0.0,
      0.0
    ],
    [
      0.0,
      0.0,
      -0.9999999999975001,
      0.41501416601240637
    ],
    [
      0.0,
      0.0,
      0.0,
      1.0
    ]
  ],
  "bin_size": {
    "w": 0.25,
    "d": 0.25
  },
  "z_floor": 0.0,
  "piece_aabb": {
    "w": 0.0300283320248127,
    "d": 0.0300283320248127,
    "h": 0.0300283320248127
  },
  "poses": [
    {
      "R": [
        [
          0.5487364843982471,
          -0.345029986882887,
          -0.7614739515189257
        ],
        [
          0.647415320904984,
          -0.4008834366244298,
          0.6481866031457941
        ],
        [
          -0.528906109765948,
          -0.8486735405276764,
          0.0033983320128495587
        ]
      ],
      "tx": 0.017873518342108166,
      "ty": -0.021502389410374106,
      "tz": 0.0
    },
    {
      "R": [
        [
          -0.22917264184336394,
          -0.310160442781963,
          0.9226485788011758
        ],
        [
          0.08875735986985325,
          0.937268121337444,
          0.3371210462037513
        ],
        [
          -0.9693307130693147,
          0.15915077272157713,
          -0.1872671894450768
        ]
      ],
      "tx": -0.04353173955829093,
      "ty": 0.03499048982531483,
      "tz": 0.0
    },
    {
      "R": [
        [
          -0.5110623129582903,
          0.6950204393854398,
          -0.5057290787666777
        ],
        [
          -0.392467006663433,
          -0.7121415180630408,
          -0.5820859961650962
        ],
        [
          -0.7647123386963017,
          -0.09900023781455103,
          0.6367212827904334
        ]
      ],
      "tx": 0.06046435436858946,
      "ty": 0.07413792526445467,
      "tz": 0.0
    },
    {
      "R": [
        [
          -0.7926091373550008,
          -0.2122378109206704,
          0.5715993938038799
        ],
        [
          0.6089266987260248,
          -0.3236394507140914,
          0.7242000977078823
        ],
        [
          0.03128947043313873,
          0.9220697465794455,
          0.3857568553933044
        ]
      ],
      "tx": 0.09008137391316831,
      "ty": -0.05540843456573301,
      "tz": 0.0
    },
    {
      "R": [
        [
          -0.10342869410691691,
          0.2205403323606685,
          -0.9698785836575543
        ],
        [
          0.938797301278206,
          -0.3004789629692173,
          -0.16843995940898576
        ],
        [
          -0.32857591565435046,
          -0.9279409219423342,
          -0.17596452209668723
        ]
      ],
      "tx": -0.010947177076513923,
      "ty": 0.09243261797506769,
      "tz": 0.0
    },
    {
      "R": [
        [
          -0.1498648827947351,
          0.9365639122195095,
          -0.3168415301582276
        ],
        [
          -0.001376564039792083,
          -0.3206579972076309,
          -0.9471940423684237
        ],
        [
          -0.9887055284443212,
          -0.1415149714866868,
          0.04934461337124452
        ]
      ],
      "tx": -0.006915425417248114,
      "ty": -0.07350871011017612,
      "tz": 0.0
    },
    {
      "R": [
        [
          0.3904440295711118,
          -0.7139795008435376,
          -0.5811942292792365
        ],
        [
          0.8798059686424652,
          0.47527869372980514,
          0.007184763571866537
        ],
        [
          0.2710994601864163,
          -0.514143399900945,
          0.8137331546796718
        ]
      ],
      "tx": -0.09181178659419217,
      "ty": -0.044524039634143524,
      "tz": 0.0
    },
    {
      "R": [
        [
          0.16606120013200576,
          0.1929737289746627,
          0.9670495425449162
        ],
        [
          -0.2807714117960595,
          -0.9308226412433163,
          0.23395859647994213
        ],
        [
          0.9452994721932122,
          -0.31037131064972845,
          -0.10039201859114244
        ]
      ],
      "tx": -0.08704452928939045,
      "ty": 0.09156871621034118,
      "tz": 0.0
    },
    {
      "R": [
        [
          -0.6065912435529874,
          -0.381006584462682,
          -0.6977686191288062
        ],
        [
          -0.5988354552727697,
          -0.3583209604593709,
          0.7162417097626529
        ],
        [
          -0.5229179292710229,
          0.8523145381204963,
          -0.010805894472482258
        ]
      ],
      "tx": 0.08055630950670903,
      "ty": 0.01811134852788407,
      "tz": 0.0
    },
    {
      "R": [
        [
          -0.06384432135226437,
          -0.16764113772520423,
          0.9837786090240364
        ],
        [
          -0.959714884609304,
          0.2806030355762368,
          -0.014466398472030295
        ],
        [
          -0.2736261005284752,
          -0.9450705716334629,
          -0.17880260552346705
        ]
      ],
      "tx": 0.04796022901264446,
      "ty": -0.09547921832526825,
      "tz": 0.0
    },
    {
      "R": [
        [
          0.3643334236711111,
          -0.9238177311406726,
          0.11756681515711243
        ],
        [
          0.30793657351142606,
          0.23865027286459595,
          0.9209892040386229
        ],
        [
          -0.8788835093970809,
          -0.2993440276533906,
          0.3714255376493616
        ]
      ],
      "tx": -0.060765542388496394,
      "ty": -0.0948937158091342,
      "tz": 0.0
    },
    {
      "R": [
        [
          -0.4520316974931222,
          -0.7825935630755626,
          0.42803581566754656
        ],
        [
          0.5732128322243925,
          -0.6225166978444299,
          -0.5328226814599368
        ],
        [
          0.6834430432997156,
          0.004502881029099903,
          0.7299899524155526
        ]
      ],
      "tx": 0.015599020034828423,
      "ty": 0.036940419770129435,
      "tz": 0.0
    },
    {
      "R": [
        [
          -0.6303830530036418,
          -0.6488300143317752,
          0.42618871288202376
        ],
        [
          -0.6560008698889636,
          0.15169708806185422,
          -0.7393584057671064
        ],
        [
          0.41506633830115747,
          -0.7456591754788392,
          -0.5212603273159073
        ]
      ],
      "tx": -0.09751354338381846,
      "ty": 0.01543033463763284,
      "tz": 0.0
    }
  ],
  "points_N": 33744
}