{
  "type": "scene",
  "distance_m": 0.4,
  "num_objects": 11,
  "intrinsics": {
    "width": 640,
    "height": 480,
    "fx": 554.2562584220408,
    "fy": 554.2562584220408,
    "cx": 0.08905348671534927,
    "cy": -0.09129360028210906
  },
  "T_wc": [
    [
      0.999999999999,
      0.0,
      0.0,
      0.0
    ],
    [
      -0.0,
      0.9999999999965001,
      0.0,
      0.0
    ],
    [
      0.0,
      0.0,
      -0.9999999999975001,
      0.41501416601240637
    ],
    [
      0.0,
      0.0,
      0.0,
      1.0
    ]
  ],
  "bin_size": {
    "w": 0.25,
    "d": 0.25
  },
  "z_floor": 0.0,
  "piece_aabb": {
    "w": 0.0300283320248127,
    "d": 0.0300283320248127,
    "h": 0.0300283320248127
  },
  "poses": [
    {
      "R": [
        [
          -0.7178135429227117,
          0.6245591341855015,
          0.30768426268205756
        ],
        [
          -0.5446983607755516,
          -0.22851662581876253,
          -0.8068976685384802
        ],
        [
          -0.4336443397130553,
          -0.7467971877490333,
          0.5042286653939496
        ]
      ],
      "tx": -0.09626497415542999,
      "ty": -0.025555209729363204,
      "tz": 0.0
    },
    {
      "R": [
        [
          0.006084534964183486,
          0.4115123295686751,
          -0.9113838823718752
        ],
        [
          -0.45479700697343095,
          0.8128239430811622,
          0.3639737902679265
        ],
        [
          0.8905743432652204,
          0.41228005065362267,
          0.19210023152190037
        ]
      ],
      "tx": 0.006578162855452055,
      "ty": 0.05958898112797578,
      "tz": 0.0
    },
    {
      "R": [
        [
          0.7405519913042077,
          -0.6582301042645757,
          -0.13533616669323248
        ],
        [
          0.510739209708903,
          0.6821923163137005,
          -0.5232199377207192
        ],
        [
          0.43672440719668715,
          0.3183500799472082,
          0.8413828015572391
        ]
      ],
      "tx": -0.061308034545674996,
      "ty": -0.08997518476844411,
      "tz": 0.0
    },
    {
      "R": [
        [
          -0.6048671217593191,
          -0.754838526308751,
          0.2536820139754294
        ],
        [
          -0.6027246721805996,
          0.22576195503439844,
          -0.7653460061983959
        ],
        [
          0.520440904002929,
          -0.6158330446306686,
          -0.5915157872631422
        ]
      ],
      "tx": 0.08140414859726292,
      "ty": 0.07183517702237077,
      "tz": 0.0
    },
    {
      "R": [
        [
          -0.4817477698772956,
          -0.8758885205457332,
          0.02717325513182182
        ],
        [
          -0.8763083145026522,
          0.4815746848001543,
          -0.013021554943741336
        ],
        [
          -0.001680521280222693,
          -0.030085254458599383,
          -0.9995459235634891
        ]
      ],
      "tx": -0.016178750045140064,
      "ty": -0.004937051245552257,
      "tz": 0.0
    },
    {
      "R": [
        [
          0.17528354902177168,
          -0.5197331406158603,
          0.8361537777155028
        ],
        [
          0.9623322651108352,
          -0.08883610341664627,
          -0.25695283274639347
        ],
        [
          0.20782754622277883,
          0.8496973633449272,
          0.48458446297389424
        ]
      ],
      "tx": -0.07706838273501211,
      "ty": 0.03929963783035481,
      "tz": 0.0
    },
    {
      "R": [
        [
          0.9254874551242857,
          0.3516523710370966,
          0.14076072020120362
        ],
        [
          0.2461923689434236,
          -0.8408718740337013,
          0.4819998017977563
        ],
        [
          0.2878581037275112,
          -0.41143055477569884,
          -0.8647905010552337
        ]
      ],
      "tx": 0.09794351403199664,
      "ty": -0.01714516452227477,
      "tz": 0.0
    },
    {
      "R": [
        [
          0.3834334878891127,
          0.5011433659687148,
          -0.7757796640224187
        ],
        [
          0.6346990659594229,
          0.4672175847352873,
          0.6155199624580513
        ],
        [
          0.6709216467184719,
          -0.7283975942160102,
          -0.13892835817392646
        ]
      ],
      "tx": 0.0248847890822506,
      "ty": -0.07807245614928446,
      "tz": 0.0
    },
    {
      "R": [
        [
          0.017511808222642644,
          -0.999627646573637,
          0.020926174481380344
        ],
        [
          -0.30270538666912683,
          0.014646585619328523,
          0.9529716293842068
        ],
        [
          -0.9529232841390054,
          -0.023022722153287378,
          -0.30233618508273974
        ]
      ],
      "tx": 0.052611808237837454,
      "ty": 0.02069769462899805,
      "tz": 0.0
    },
    {
      "R": [
        [
          0.5974182635278809,
          -0.034138812601028634,
          0.8012028206874483
        ],
        [
          0.5875217007881577,
          0.6986377196061089,
          -0.40831799843573674
        ],
        [
          -0.5458110199568363,
          0.7146606734792167,
          0.4374362265244046
        ]
      ],
      "tx": -0.05705168756531241,
      "ty": 0.09699717290159876,
      "tz": 0.0
    },
    {
      "R": [
        [
          0.7809127853043707,
          -0.6212617222983756,
          0.06487753197391027
        ],
        [
          0.623703569505409,
          0.7698394275137115,
          -0.13542936620826487
        ],
        [
          0.03419179922702648,
          0.14622287185053087,
          0.9886606053714297
        ]
      ],
      "tx": 0.08905348671534927,
      "ty": -0.09129360028210906,
      "tz": 0.0
    }
  ],
  "points_N": 29449
}