{
  "type": "scene",
  "distance_m": 0.4,
  "num_objects": 12,
  "intrinsics": {
    "width": 640,
    "height": 480,
    "fx": 554.2562584220408,
    "fy": 554.2562584220408,
    "cx": 0.03923578725942528,
    "cy": 0.057520255370887535
  },
  "T_wc": [
    [
      0.999999999999,
      0.0,
      0.0,
      0.0
    ],
    [
      -0.0,
      0.9999999999965001,
      0.0,
      0.0
    ],
    [
      0.0,
      0.0,
      -0.9999999999975001,
      0.41501416601240637
    ],
    [
      0.0,
      0.0,
      0.0,
      1.0
    ]
  ],
  "bin_size": {
    "w": 0.25,
    "d": 0.25
  },
  "z_floor": 0.0,
  "piece_aabb": {
    "w": 0.0300283320248127,
    "d": 0.0300283320248127,
    "h": 0.0300283320248127
  },
  "poses": [
    {
      "R": [
        [
          0.1750899701281321,
          0.8454144980992264,
          0.5045966991213505
        ],
        [
          0.34019167464875344,
          0.4289980571505967,
          -0.8367976406878129
        ],
        [
          -0.9239118609803677,
          0.318174470007646,
          -0.2124897168691866
        ]
      ],
      "tx": -0.015007315889537867,
      "ty": 0.07983551721762383,
      "tz": 0.0
    },
    {
      "R": [
        [
          0.7990474008729026,
          -0.42831770786447204,
          0.4219800851793645
        ],
        [
          0.5668943462120355,
          0.30277175915271837,
          -0.7661331882201666
        ],
        [
          0.20038475838019174,
          0.8513948572720492,
          0.48473987417956355
        ]
      ],
      "tx": 0.06975858209662159,
      "ty": -0.07568995458398343,
      "tz": 0.0
    },
    {
      "R": [
        [
          -0.8182625356046815,
          -0.4792682869081223,
          -0.3174087774305421
        ],
        [
          0.035048843586604345,
          0.5095418476780433,
          -0.8597317512038783
        ],
        [
          0.57377521852119,
          -0.714611093273117,
          -0.4001412050538675
        ]
      ],
      "tx": -0.01183416413399764,
      "ty": 0.021817261292593454,
      "tz": 0.0
    },
    {
      "R": [
        [
          0.06720837266921331,
          -0.847936500043547,
          -0.5258200514786933
        ],
        [
          -0.3793970501753237,
          0.46570367533426393,
          -0.7994860631045555
        ],
        [
          0.9227897447205504,
          0.2532267337270262,
          -0.2904054206872224
        ]
      ],
      "tx": -0.09373915633423872,
      "ty": 0.023945546473278276,
      "tz": 0.0
    },
    {
      "R": [
        [
          -0.24117081517405148,
          -0.9645013557533253,
          -0.10758146986484901
        ],
        [
          0.13685370192528912,
          -0.14354521004799925,
          0.9801356217083533
        ],
        [
          -0.9607849406488573,
          0.22165718445896043,
          0.16661449636840897
        ]
      ],
      "tx": -0.07120995723512745,
      "ty": -0.03065566554153311,
      "tz": 0.0
    },
    {
      "R": [
        [
          0.5086917839224907,
          0.8604830467856013,
          0.028312455992418217
        ],
        [
          -0.15432980294555948,
          0.12348901582452743,
          -0.9802717862376098
        ],
        [
          -0.8470035306257813,
          0.49428674791588145,
          0.19561602680302803
        ]
      ],
      "tx": -0.030582946112510695,
      "ty": -0.07214199754733762,
      "tz": 0.0
    },
    {
      "R": [
        [
          0.5701602186138763,
          -0.3101061935720466,
          0.7607571713881067
        ],
        [
          -0.22844107976996045,
          0.8296548110310025,
          0.5093992222281518
        ],
        [
          -0.7891337010822128,
          -0.4642273615819816,
          0.40219517472853994
        ]
      ],
      "tx": 0.05796104903450558,
      "ty": -0.009012207675543935,
      "tz": 0.0
    },
    {
      "R": [
        [
          0.7348838123177854,
          0.6571153883953355,
          0.1677651594560844
        ],
        [
          0.6703143180350476,
          -0.7413689733214526,
          -0.03241543511207194
        ],
        [
          0.10307520279139405,
          0.13627696698394542,
          -0.9852939108911463
        ]
      ],
      "tx": 0.082289681105358,
      "ty": 0.09532974582131304,
      "tz": 0.0
    },
    {
      "R": [
        [
          0.1185421627360892,
          -0.9481402727736565,
          -0.2949199532051824
        ],
        [
          -0.968143690205036,
          -0.044391149197514856,
          -0.24642893699624527
        ],
        [
          0.2205573638988868,
          0.3147371109634522,
          -0.9231982453473111
        ]
      ],
      "tx": -0.08769582021184266,
      "ty": 0.09814254676595383,
      "tz": 0.0
    },
    {
      "R": [
        [
          -0.4002836230346043,
          0.3950105601556916,
          -0.8268855292576949
        ],
        [
          -0.36669124318506763,
          0.7578970779208234,
          0.5395642236568943
        ],
        [
          0.839827692626101,
          0.5191904050004816,
          -0.1585268748627664
        ]
      ],
      "tx": -0.08632298803662929,
      "ty": -0.08659992047652028,
      "tz": 0.0
    },
    {
      "R": [
        [
          -0.7369233595986624,
          0.6480129225742892,
          0.19241417373610675
        ],
        [
          -0.1628457833045735,
          -0.4464474839589736,
          0.8798669756995212
        ],
        [
          0.6560679941421774,
          0.6170606908914473,
          0.4345237517315128
        ]
      ],
      "tx": 0.09858771318666698,
      "ty": 0.040284657631582316,
      "tz": 0.0
    },
    {
      "R": [
        [
          0.7062128518869275,
          0.1960452947172006,
          0.6803158459487612
        ],
        [
          -0.3359230520621868,
          0.9386354232962151,
          0.07822560467494256
        ],
        [
          -0.6232327903143077,
          -0.2837777027054469,
          0.7287325329119465
        ]
      ],
      "tx": 0.03923578725942528,
      "ty": 0.057520255370887535,
      "tz": 0.0
    }
  ],
  "points_N": 31541
}