{
  "type": "scene",
  "distance_m": 0.4,
  "num_objects": 12,
  "intrinsics": {
    "width": 640,
    "height": 480,
    "fx": 554.2562584220408,
    "fy": 554.2562584220408,
    "cx": 0.04208390323458644,
    "cy": -0.0506505726568948
  },
  "T_wc": [
    [
      0.999999999999,
      0.0,
      0.0,
      0.0
    ],
    [
      -0.0,
      0.9999999999965001,
      0.0,
      0.0
    ],
    [
      0.0,
      0.0,
      -0.9999999999975001,
      0.41501416601240637
    ],
    [
      0.0,
      0.0,
      0.0,
      1.0
    ]
  ],
  "bin_size": {
    "w": 0.25,
    "d": 0.25
  },
  "z_floor": 0.0,
  "piece_aabb": {
    "w": 0.0300283320248127,
    "d": 0.0300283320248127,
    "h": 0.0300283320248127
  },
  "poses": [
    {
      "R": [
        [
          0.25486344429271834,
          -0.8300664366844359,
          -0.49601848297543916
        ],
        [
          0.28364508609852207,
          -0.426218586328057,
          0.8590012699645297
        ],
        [
          -0.9244404198732413,
          -0.3596212276250061,
          0.12681672896770813
        ]
      ],
      "tx": -0.07567068040307948,
      "ty": -0.002990023402461503,
      "tz": 0.0
    },
    {
      "R": [
        [
          -0.556189944556631,
          -0.5350864315568806,
          -0.6358736166391995
        ],
        [
          0.5930923933788224,
          0.28040334920538,
          -0.7547286761946878
        ],
        [
          0.5821461659156334,
          -0.7969043057470134,
          0.16139816910856986
        ]
      ],
      "tx": 0.04429966662034268,
      "ty": 0.012291536827380628,
      "tz": 0.0
    },
    {
      "R": [
        [
          0.9762522116806428,
          -0.015039852722242314,
          0.21611437254089932
        ],
        [
          -0.20508938589378517,
          0.25718915892078664,
          0.9443474362369648
        ],
        [
          -0.06978512006411852,
          -0.9662440371685155,
          0.2479969710579647
        ]
      ],
      "tx": -0.03218554213279812,
      "ty": 0.034272967813982425,
      "tz": 0.0
    },
    {
      "R": [
        [
          -0.8643058213350443,
          -0.39271691656448815,
          0.3142433303197315
        ],
        [
          -0.4999153712244401,
          0.739472201318967,
          -0.4508497367083755
        ],
        [
          -0.05531788878731056,
          -0.5467671231160137,
          -0.8354553514458765
        ]
      ],
      "tx": -0.07247375267820876,
      "ty": -0.09126236304336366,
      "tz": 0.0
    },
    {
      "R": [
        [
          0.2944343051169075,
          0.8185509421250583,
          -0.49323705772833326
        ],
        [
          -0.5853786435690758,
          0.5624350807613943,
          0.583950874288371
        ],
        [
          0.7554073627014452,
          0.11679526991750647,
          0.6447624223707086
        ]
      ],
      "tx": -0.017900013513239138,
      "ty": 0.09542664359659081,
      "tz": 0.0
    },
    {
      "R": [
        [
          0.7878438157893058,
          -0.20113705849824862,
          0.5821048063890372
        ],
        [
          0.5357661873931304,
          -0.24230638470005084,
          -0.8088524020980713
        ],
        [
          0.3037379040698993,
          0.9491214356615613,
          -0.08313715173712377
        ]
      ],
      "tx": 0.09266089989107834,
      "ty": -0.08550188776459851,
      "tz": 0.0
    },
    {
      "R": [
        [
          0.20691294898597623,
          0.5476510960938878,
          0.8107190071097939
        ],
        [
          -0.7695562485359173,
          -0.4205809692177922,
          0.480515170073899
        ],
        [
          0.6041276453542349,
          -0.7233186886006651,
          0.3344246743883619
        ]
      ],
      "tx": -0.012620114347159636,
      "ty": -0.07173793350049025,
      "tz": 0.0
    },
    {
      "R": [
        [
          -0.7425380277529894,
          0.5996871437718443,
          -0.2983498063271839
        ],
        [
          0.03131857476038524,
          0.476026340333888,
          0.8788731820822068
        ],
        [
          0.6690713147458042,
          0.6432528685541113,
          -0.372249006555059
        ]
      ],
      "tx": 0.0955964121344689,
      "ty": 0.043359395606904855,
      "tz": 0.0
    },
    {
      "R": [
        [
          -0.045824990680120026,
          0.9781025157082718,
          -0.2030161052584665
        ],
        [
          -0.998850056704344,
          -0.04199692402946398,
          0.023126231724860336
        ],
        [
          0.014093773479640831,
          0.20384240760257238,
          0.9789022619301129
        ]
      ],
      "tx": -0.08258604101061566,
      "ty": 0.06902745974727997,
      "tz": 0.0
    },
    {
      "R": [
        [
          -0.9917847546842657,
          -0.12742667269214197,
          -0.011200154573970701
        ],
        [
          -0.08650275952627404,
          0.6036029530703523,
          0.7925785435141994
        ],
        [
          -0.09423520027150536,
          0.787036160625012,
          -0.6096669655626994
        ]
      ],
      "tx": 0.04348712437533847,
      "ty": 0.09182555819830629,
      "tz": 0.0
    },
    {
      "R": [
        [
          -0.7157232242664529,
          0.3344646873144609,
          -0.6130853441285915
        ],
        [
          -0.5473679224820874,
          0.2765553678032574,
          0.7898768802647973
        ],
        [
          0.43373796661495656,
          0.90091647863653,
          -0.014861858493405045
        ]
      ],
      "tx": 0.09328906312134125,
      "ty": -0.023283576089534797,
      "tz": 0.0
    },
    {
      "R": [
        [
          0.2619068242079541,
          -0.29405286975702327,
          -0.9192049419041235
        ],
        [
          -0.9598953104144068,
          0.01934859407868661,
          -0.2796902303470893
        ],
        [
          0.10002903817259018,
          0.9555932930357126,
          -0.2771924418656275
        ]
      ],
      "tx": 0.04208390323458644,
      "ty": -0.0506505726568948,
      "tz": 0.0
    }
  ],
  "points_N": 31130
}