{
  "type": "scene",
  "distance_m": 0.4,
  "num_objects": 8,
  "intrinsics": {
    "width": 640,
    "height": 480,
    "fx": 554.2562584220408,
    "fy": 554.2562584220408,
    "cx": -0.04478526829486414,
    "cy": -0.07686314800240558
  },
  "T_wc": [
    [
      0.999999999999,
      0.0,
      0.0,
      0.0
    ],
    [
      -0.0,
      0.9999999999965001,
      0.0,
      0.0
    ],
    [
      0.0,
      0.0,
      -0.9999999999975001,
      0.41501416601240637
    ],
    [
      0.0,
      0.0,
      0.0,
      1.0
    ]
  ],
  "bin_size": {
    "w": 0.25,
    "d": 0.25
  },
  "z_floor": 0.0,
  "piece_aabb": {
    "w": 0.0300283320248127,
    "d": 0.0300283320248127,
    "h": 0.0300283320248127
  },
  "poses": [
    {
      "R": [
        [
          0.5560015847604711,
          -0.3248018393290313,
          0.7650921532157566
        ],
        [
          -0.8225664286181844,
          -0.08283340897140445,
          0.5626038542958107
        ],
        [
          -0.11935957546074855,
          -0.9421477546153016,
          -0.3132265956447118
        ]
      ],
      "tx": -0.024983042964150784,
      "ty": 0.021295285288494198,
      "tz": 0.0
    },
    {
      "R": [
        [
          0.14139594661000177,
          -0.6687421312881028,
          -0.7299254401118702
        ],
        [
          -0.9589938726232508,
          0.09042515423685449,
          -0.2686150475165178
        ],
        [
          0.24563781987577077,
          0.7379751034564017,
          -0.6285338559896285
        ]
      ],
      "tx": 0.0154542036053687,
      "ty": -0.06304530793676705,
      "tz": 0.0
    },
    {
      "R": [
        [
          -0.4023709516005154,
          0.8054064963424077,
          0.4352217744524539
        ],
        [
          0.9153440277671985,
          0.3458476605134967,
          0.20623943984665766
        ],
        [
          0.015586152155603439,
          0.4813624116679533,
          -0.8763830786215547
        ]
      ],
      "tx": 0.09296181642435628,
      "ty": 0.05813502368347559,
      "tz": 0.0
    },
    {
      "R": [
        [
          0.6753257719204719,
          0.6166511306551938,
          0.4045695055756054
        ],
        [
          0.15180155724993669,
          0.42058852479361697,
          -0.8944616146198916
        ],
        [
          -0.7217280575095533,
          0.6654672613086239,
          0.1904256682537493
        ]
      ],
      "tx": 0.06759805912360728,
      "ty": 0.006201943700805762,
      "tz": 0.0
    },
    {
      "R": [
        [
          -0.9995056030165976,
          -0.008198197300179393,
          -0.030353568150296474
        ],
        [
          0.02930503725332407,
          0.10686402721293964,
          -0.9938416848167586
        ],
        [
          0.011391414750093592,
          -0.9942398449312215,
          -0.10657094548295953
        ]
      ],
      "tx": -0.08154898768919674,
      "ty": -0.008081467931594505,
      "tz": 0.0
    },
    {
      "R": [
        [
          -0.23420954893850587,
          0.4801011651291991,
          0.8453690072551792
        ],
        [
          0.4661684656179871,
          -0.7076079054431179,
          0.5310160203023777
        ],
        [
          0.8531312025998072,
          0.5184533955872881,
          -0.05807949513053323
        ]
      ],
      "tx": 0.02252638301585208,
      "ty": 0.06169873939071799,
      "tz": 0.0
    },
    {
      "R": [
        [
          0.1345247757776834,
          0.907387241450437,
          -0.3981852317137468
        ],
        [
          -0.4988903984784462,
          0.4092137127909774,
          0.7639715358374555
        ],
        [
          0.8561608814983204,
          0.0958776893588375,
          0.5077361654198261
        ]
      ],
      "tx": -0.03384980640812314,
      "ty": 0.0786199351386346,
      "tz": 0.0
    },
    {
      "R": [
        [
          0.8077171565803632,
          -0.5419636103120671,
          -0.23209575623703843
        ],
        [
          0.5096617913598798,
          0.44396426051775273,
          0.7369807282492287
        ],
        [
          -0.2963745154252831,
          -0.7135623171667873,
          0.6348156946122188
        ]
      ],
      "tx": -0.04478526829486414,
      "ty": -0.07686314800240558,
      "tz": 0.0
    }
  ],
  "points_N": 20079
}