{
  "type": "scene",
  "distance_m": 0.4,
  "num_objects": 11,
  "intrinsics": {
    "width": 640,
    "height": 480,
    "fx": 554.2562584220408,
    "fy": 554.2562584220408,
    "cx": -0.09353403642452683,
    "cy": 0.032722169776878446
  },
  "T_wc": [
    [
      0.999999999999,
      0.0,
      0.0,
      0.0
    ],
    [
      -0.0,
      0.9999999999965001,
      0.0,
      0.0
    ],
    [
      0.0,
      0.0,
      -0.9999999999975001,
      0.41501416601240637
    ],
    [
      0.0,
      0.0,
      0.0,
      1.0
    ]
  ],
  "bin_size": {
    "w": 0.25,
    "d": 0.25
  },
  "z_floor": 0.0,
  "piece_aabb": {
    "w": 0.0300283320248127,
    "d": 0.0300283320248127,
    "h": 0.0300283320248127
  },
  "poses": [
    {
      "R": [
        [
          -0.2925103713549402,
          -0.6927223458896783,
          -0.6592218398649243
        ],
        [
          -0.7378216260727706,
          -0.27505009474200004,
          0.6164143845512933
        ],
        [
          -0.6083230480173571,
          0.6666957303654477,
          -0.4306505223070727
        ]
      ],
      "tx": -0.0018114053408268965,
      "ty": -0.0909893432688931,
      "tz": 0.0
    },
    {
      "R": [
        [
          0.2670439708933138,
          0.25946147758076965,
          0.9280987335737156
        ],
        [
          0.5019056128310644,
          0.7846975500572189,
          -0.36378635315645397
        ],
        [
          -0.8226653471601952,
          0.5629649159457473,
          0.07932357780630495
        ]
      ],
      "tx": 0.0864464430633326,
      "ty": -0.010435200409388293,
      "tz": 0.0
    },
    {
      "R": [
        [
          -0.31895181908419423,
          -0.7336545509297624,
          -0.6000172805869278
        ],
        [
          -0.8859912198982264,
          0.45563041711753505,
          -0.08614221532183614
        ],
        [
          0.3365847521295876,
          0.5041348261103866,
          -0.7953356409318735
        ]
      ],
      "tx": -0.058292889843909595,
      "ty": -0.025414485390208894,
      "tz": 0.0
    },
    {
      "R": [
        [
          0.8697212075295785,
          0.041586765218813326,
          -0.4917881272783302
        ],
        [
          -0.48119401171065845,
          0.2929601553036383,
          -0.8262122430091864
        ],
        [
          0.10971483157301284,
          0.9552198115424028,
          0.2748049624184431
        ]
      ],
      "tx": -0.026983249179680674,
      "ty": 0.028764162103644547,
      "tz": 0.0
    },
    {
      "R": [
        [
          -0.12795069900414124,
          0.9861375986273206,
          0.10564684187373113
        ],
        [
          0.2628551494161335,
          0.13643135921670857,
          -0.9551406465268366
        ],
        [
          -0.956313645751107,
          -0.09444109696431385,
          -0.2766678336099144
        ]
      ],
      "tx": -0.08913961430910301,
      "ty": -0.0980021065154882,
      "tz": 0.0
    },
    {
      "R": [
        [
          0.8857100360025185,
          0.06559502750998444,
          -0.45958135785775933
        ],
        [
          0.3059655770449057,
          0.6620562652148916,
          0.6841539061887224
        ],
        [
          0.34914581164320924,
          -0.7465780562377077,
          0.5663200580558057
        ]
      ],
      "tx": 0.06862733206305152,
      "ty": -0.08557434522362013,
      "tz": 0.0
    },
    {
      "R": [
        [
          0.38071011472229,
          0.8176539088001192,
          -0.4318586504540892
        ],
        [
          0.20759579683870755,
          0.37953057980488347,
          0.9015877794911992
        ],
        [
          0.9010903360279939,
          -0.43289562762501477,
          -0.025250384157510464
        ]
      ],
      "tx": 0.03502886705475819,
      "ty": 0.0782335336888611,
      "tz": 0.0
    },
    {
      "R": [
        [
          0.09996317887927952,
          -0.13923041089621538,
          -0.985201631926186
        ],
        [
          0.5461330308412696,
          0.8353531587643682,
          -0.06264034455940606
        ],
        [
          0.8317127361610366,
          -0.5317894252653613,
          0.15954288352495916
        ]
      ],
      "tx": 0.08995857998303469,
      "ty": 0.056322735086314385,
      "tz": 0.0
    },
    {
      "R": [
        [
          0.7190903148969296,
          0.6389366205736476,
          0.2732564983881647
        ],
        [
          0.6888613496143782,
          -0.6036047158551332,
          -0.4014117437306757
        ],
        [
          -0.09153775193269628,
          0.47688713747318745,
          -0.8741850479639524
        ]
      ],
      "tx": 0.028728959288245898,
      "ty": -0.03136187877160872,
      "tz": 0.0
    },
    {
      "R": [
        [
          0.1394211726095015,
          -0.6517779045889023,
          -0.7454846072977572
        ],
        [
          0.820601702821901,
          -0.34531532281803656,
          0.45537915318212735
        ],
        [
          -0.554233328079418,
          -0.6752354336946298,
          0.48670579114002466
        ]
      ],
      "tx": -0.05852311251979146,
      "ty": 0.08401685912991844,
      "tz": 0.0
    },
    {
      "R": [
        [
          -0.6091352285255967,
          0.6539449360015444,
          0.4486761572080755
        ],
        [
          -0.34880157267634915,
          -0.7290019665162562,
          0.5889767361398388
        ],
        [
          0.7122441549550091,
          0.20226752950824306,
          0.6721578015905618
        ]
      ],
      "tx": -0.09353403642452683,
      "ty": 0.032722169776878446,
      "tz": 0.0
    }
  ],
  "points_N": 30637
}