{
  "type": "scene",
  "distance_m": 0.4,
  "num_objects": 4,
  "intrinsics": {
    "width": 640,
    "height": 480,
    "fx": 554.2562584220408,
    "fy": 554.2562584220408,
    "cx": 0.032407274869670016,
    "cy": 0.08793226512830452
  },
  "T_wc": [
    [
      0.999999999999,
      0.0,
      0.0,
      0.0
    ],
    [
      -0.0,
      0.9999999999965001,
      0.0,
      0.0
    ],
    [
      0.0,
      0.0,
      -0.9999999999975001,
      0.41501416601240637
    ],
    [
      0.0,
      0.0,
      0.0,
      1.0
    ]
  ],
  "bin_size": {
    "w": 0.25,
    "d": 0.25
  },
  "z_floor": 0.0,
  "piece_aabb": {
    "w": 0.0300283320248127,
    "d": 0.0300283320248127,
    "h": 0.0300283320248127
  },
  "poses": [
    {
      "R": [
        [
          -0.06943586813288971,
          -0.6017494428960647,
          -0.7956609002526818
        ],
        [
          -0.9182975071976162,
          -0.2730594823982935,
          0.28664997356884636
        ],
        [
          -0.38975421548878253,
          0.7505572110416714,
          -0.5336248911567676
        ]
      ],
      "tx": 0.06253878066679933,
      "ty": -0.002633013618366528,
      "tz": 0.0
    },
    {
      "R": [
        [
          -0.3200438334773783,
          0.7553851735055028,
          -0.5718086955452549
        ],
        [
          -0.6322765084019006,
          0.2791773585491215,
          0.7226938628469435
        ],
        [
          0.7055482701957435,
          0.5928349197893095,
          0.38826330795247366
        ]
      ],
      "tx": -0.05987414082072796,
      "ty": 0.01491818628181088,
      "tz": 0.0
    },
    {
      "R": [
        [
          -0.3391462108219785,
          0.05834005046191704,
          -0.9389229394349649
        ],
        [
          0.6154281573336179,
          0.7686249942054848,
          -0.17453882503204246
        ],
        [
          0.7114970350226636,
          -0.6370337956456622,
          -0.2965803640823832
        ]
      ],
      "tx": 0.05184431106640658,
      "ty": -0.06796928676617314,
      "tz": 0.0
    },
    {
      "R": [
        [
          -0.2877420516892817,
          -0.5444596786276091,
          -0.7878884248663408
        ],
        [
          0.7097971128579715,
          -0.6735436769042127,
          0.20622069217428574
        ],
        [
          -0.6429561184623184,
          -0.4999025641573307,
          0.5802627474522167
        ]
      ],
      "tx": 0.032407274869670016,
      "ty": 0.08793226512830452,
      "tz": 0.0
    }
  ],
  "points_N": 11507
}