{
  "type": "scene",
  "distance_m": 0.4,
  "num_objects": 7,
  "intrinsics": {
    "width": 640,
    "height": 480,
    "fx": 554.2562584220408,
    "fy": 554.2562584220408,
    "cx": 0.029119377387058415,
    "cy": 0.0943257164398453
  },
  "T_wc": [
    [
      0.999999999999,
      0.0,
      0.0,
      0.0
    ],
    [
      -0.0,
      0.9999999999965001,
      0.0,
      0.0
    ],
    [
      0.0,
      0.0,
      -0.9999999999975001,
      0.41501416601240637
    ],
    [
      0.0,
      0.0,
      0.0,
      1.0
    ]
  ],
  "bin_size": {
    "w": 0.25,
    "d": 0.25
  },
  "z_floor": 0.0,
  "piece_aabb": {
    "w": 0.0300283320248127,
    "d": 0.0300283320248127,
    "h": 0.0300283320248127
  },
  "poses": [
    {
      "R": [
        [
          -0.09046530581869483,
          -0.8517071540519648,
          -0.5161501256222187
        ],
        [
          0.7994334232778314,
          -0.3711777530813474,
          0.47236985230195355
        ],
        [
          -0.5939042264451544,
          -0.36989457870342507,
          0.7144618747395821
        ]
      ],
      "tx": -0.07454074026698353,
      "ty": -0.034127840289872216,
      "tz": 0.0
    },
    {
      "R": [
        [
          -0.6954520598531571,
          -0.7149100048019146,
          -0.07245769441631389
        ],
        [
          0.3202630435822258,
          -0.2181120001402277,
          -0.9218778326385113
        ],
        [
          0.643255793103685,
          -0.6643273593861359,
          0.38064569380145774
        ]
      ],
      "tx": 0.054724745763699345,
      "ty": -0.04056522853378365,
      "tz": 0.0
    },
    {
      "R": [
        [
          -0.7537582250306867,
          -0.31556804792793247,
          0.5764246224143648
        ],
        [
          0.3252995104168418,
          0.5829726544749778,
          0.7445287856469762
        ],
        [
          -0.5709892877464093,
          0.7487053434171231,
          -0.3367663017843321
        ]
      ],
      "tx": -0.04430929276211941,
      "ty": 0.07142996981727004,
      "tz": 0.0
    },
    {
      "R": [
        [
          -0.3940206037094094,
          0.8474900995231767,
          0.3556800459158038
        ],
        [
          0.1294010109183656,
          -0.33197983010828214,
          0.934368648218989
        ],
        [
          0.9099467798864818,
          0.4141858563633866,
          0.021140817457007355
        ]
      ],
      "tx": 0.08385562260339346,
      "ty": 0.05012302656076814,
      "tz": 0.0
    },
    {
      "R": [
        [
          -0.08996778764833668,
          -0.9875629447261457,
          -0.12893885135787303
        ],
        [
          0.5980972992732275,
          -0.15709323718713342,
          0.785876157821408
        ],
        [
          -0.7963575941671777,
          -0.006414439483768908,
          0.604792061107265
        ]
      ],
      "tx": 0.015842761534004907,
      "ty": -0.0899691785479832,
      "tz": 0.0
    },
    {
      "R": [
        [
          -0.40428270489209805,
          -0.8894118533602774,
          -0.2133120944235582
        ],
        [
          0.8097731716949444,
          -0.4564915716789686,
          0.36862291761253135
        ],
        [
          -0.42523276558637696,
          -0.023706541044645035,
          0.9047735047974492
        ]
      ],
      "tx": 0.024726818738008027,
      "ty": 0.02960845729664502,
      "tz": 0.0
    },
    {
      "R": [
        [
          0.7604833528585819,
          0.2994919675098002,
          0.576168058314654
        ],
        [
          -0.6480133807902265,
          0.4070772731107871,
          0.6437132529577954
        ],
        [
          -0.04175797339180248,
          -0.862897824260668,
          0.5036502919133623
        ]
      ],
      "tx": 0.029119377387058415,
      "ty": 0.0943257164398453,
      "tz": 0.0
    }
  ],
  "points_N": 18963
}