{
  "type": "scene",
  "distance_m": 0.4,
  "num_objects": 9,
  "intrinsics": {
    "width": 640,
    "height": 480,
    "fx": 554.2562584220408,
    "fy": 554.2562584220408,
    "cx": 0.026816204710706837,
    "cy": -0.03580364727948562
  },
  "T_wc": [
    [
      0.999999999999,
      0.0,
      0.0,
      0.0
    ],
    [
      -0.0,
      0.9999999999965001,
      0.0,
      0.0
    ],
    [
      0.0,
      0.0,
      -0.9999999999975001,
      0.41501416601240637
    ],
    [
      0.0,
      0.0,
      0.0,
      1.0
    ]
  ],
  "bin_size": {
    "w": 0.25,
    "d": 0.25
  },
  "z_floor": 0.0,
  "piece_aabb": {
    "w": 0.0300283320248127,
    "d": 0.0300283320248127,
    "h": 0.0300283320248127
  },
  "poses": [
    {
      "R": [
        [
          -0.6751539363499823,
          0.5666044330727431,
          -0.4723627617133244
        ],
        [
          0.1952959469405426,
          0.754781635822899,
          0.6262301296912385
        ],
        [
          0.7113555055945799,
          0.3305512042737461,
          -0.6202493418081598
        ]
      ],
      "tx": -0.04474457491868231,
      "ty": -0.037236635049840636,
      "tz": 0.0
    },
    {
      "R": [
        [
          0.6943072970648949,
          0.3377014738062362,
          0.6355274123368211
        ],
        [
          -0.6978734523590029,
          0.5316531701038214,
          0.4799141081600786
        ],
        [
          -0.17581246183068538,
          -0.7767255765762147,
          0.6048035689026485
        ]
      ],
      "tx": 0.06766066692605291,
      "ty": -0.0783174890350679,
      "tz": 0.0
    },
    {
      "R": [
        [
          -0.43690520598832006,
          0.7019934327175036,
          -0.5624224936840625
        ],
        [
          -0.629627460043754,
          0.2078729976883542,
          0.7485706903098119
        ],
        [
          0.6424041582517617,
          0.681171077816398,
          0.3511735471348778
        ]
      ],
      "tx": 0.07344483955818215,
      "ty": 0.003624880395640198,
      "tz": 0.0
    },
    {
      "R": [
        [
          -0.9457299247173803,
          0.3155871086810217,
          0.07745764215628374
        ],
        [
          -0.2823050732880571,
          -0.679876454621754,
          -0.6768100561064222
        ],
        [
          -0.16093090160029117,
          -0.6619462087551425,
          0.732071350091513
        ]
      ],
      "tx": -0.08017835263433934,
      "ty": 0.06232493802243322,
      "tz": 0.0
    },
    {
      "R": [
        [
          -0.08342938840671854,
          0.020989460334100415,
          -0.9962926175100186
        ],
        [
          -0.17174107634296593,
          0.9845158114532475,
          0.03512292264480815
        ],
        [
          0.9816030459644267,
          0.1740346504390343,
          -0.07853279951665226
        ]
      ],
      "tx": 0.026244298031234792,
      "ty": 0.03639094551916974,
      "tz": 0.0
    },
    {
      "R": [
        [
          -0.9736618277475177,
          -0.018052941656226503,
          -0.22728118374586004
        ],
        [
          0.01654889133514904,
          -0.9998267436024866,
          0.008521559295379327
        ],
        [
          -0.22739564503952125,
          0.004535865386463605,
          0.973791890776595
        ]
      ],
      "tx": -0.01636004610141066,
      "ty": -0.09159639205716652,
      "tz": 0.0
    },
    {
      "R": [
        [
          -0.5765978050658451,
          0.4799292462846401,
          0.6612131953870152
        ],
        [
          -0.571018392707834,
          0.34210756010508225,
          -0.7462576046569371
        ],
        [
          -0.5843568827203215,
          -0.8078553929259895,
          0.07678995857391535
        ]
      ],
      "tx": 0.07463359535833575,
      "ty": 0.07950524401039838,
      "tz": 0.0
    },
    {
      "R": [
        [
          0.735160515565101,
          0.5612321763432732,
          -0.38020712853791705
        ],
        [
          0.3796559744014377,
          -0.805526209724837,
          -0.4549602911767493
        ],
        [
          -0.5616051615284086,
          0.19012093436371189,
          -0.8052662124175578
        ]
      ],
      "tx": -0.07359515610300314,
      "ty": -0.08953318211684219,
      "tz": 0.0
    },
    {
      "R": [
        [
          -0.35471889211261587,
          -0.9314233735619261,
          0.08139414451248415
        ],
        [
          -0.9287643636926345,
          0.3410098589454643,
          -0.1452894794422854
        ],
        [
          0.10756981134600059,
          -0.12713290401982982,
          -0.9860354762393038
        ]
      ],
      "tx": 0.026816204710706837,
      "ty": -0.03580364727948562,
      "tz": 0.0
    }
  ],
  "points_N": 23267
}