{
  "type": "scene",
  "distance_m": 0.4,
  "num_objects": 12,
  "intrinsics": {
    "width": 640,
    "height": 480,
    "fx": 554.2562584220408,
    "fy": 554.2562584220408,
    "cx": 0.09618889305851583,
    "cy": 0.09770703767495942
  },
  "T_wc": [
    [
      0.999999999999,
      0.0,
      0.0,
      0.0
    ],
    [
      -0.0,
      0.9999999999965001,
      0.0,
      0.0
    ],
    [
      0.0,
      0.0,
      -0.9999999999975001,
      0.41501416601240637
    ],
    [
      0.0,
      0.0,
      0.0,
      1.0
    ]
  ],
  "bin_size": {
    "w": 0.25,
    "d": 0.25
  },
  "z_floor": 0.0,
  "piece_aabb": {
    "w": 0.0300283320248127,
    "d": 0.0300283320248127,
    "h": 0.0300283320248127
  },
  "poses": [
    {
      "R": [
        [
          -0.1769878628729682,
          -0.07031639445291094,
          -0.9816979683521823
        ],
        [
          -0.9815623726448265,
          0.08576567073259433,
          0.1708202515267061
        ],
        [
          0.07218452052565283,
          0.9938308982895083,
          -0.08419940974585738
        ]
      ],
      "tx": -0.07776228560004692,
      "ty": 0.03584130063971738,
      "tz": 0.0
    },
    {
      "R": [
        [
          -0.4798992509021609,
          -0.18439270427734833,
          0.8577272524484874
        ],
        [
          -0.42942399236478346,
          0.9019116892715883,
          -0.04637175365198498
        ],
        [
          -0.7650436221321208,
          -0.3905824309471131,
          -0.5120093952950555
        ]
      ],
      "tx": 0.01140145789157039,
      "ty": -0.07760299026574935,
      "tz": 0.0
    },
    {
      "R": [
        [
          0.3131966396224952,
          -0.470223657886769,
          -0.8251045851846683
        ],
        [
          -0.949055491824934,
          -0.18668261902218664,
          -0.25385679662350874
        ],
        [
          -0.034663213441764984,
          0.8625771335472576,
          -0.5047367138571224
        ]
      ],
      "tx": 0.06638054027501541,
      "ty": 0.043993738812943606,
      "tz": 0.0
    },
    {
      "R": [
        [
          -0.6320641330605794,
          0.7306803064959463,
          0.25807212440976324
        ],
        [
          -0.7742325589467357,
          -0.5814725739020037,
          -0.24990716369597876
        ],
        [
          -0.03254038053200728,
          -0.3577651960417184,
          0.933244441792215
        ]
      ],
      "tx": 0.01468487703840922,
      "ty": -0.007822069840693169,
      "tz": 0.0
    },
    {
      "R": [
        [
          -0.16713564108411494,
          0.4869177779283198,
          -0.8573078531173906
        ],
        [
          0.1810153996170225,
          -0.8396033410060524,
          -0.512151984154083
        ],
        [
          -0.9691744438339733,
          -0.24078477383095023,
          0.05218802650308385
        ]
      ],
      "tx": -0.04298522740241822,
      "ty": -0.014670627719208448,
      "tz": 0.0
    },
    {
      "R": [
        [
          0.389708050587265,
          -0.26828526505106653,
          0.8809941270314761
        ],
        [
          0.5868923207076774,
          0.8095593276690718,
          -0.01308047699272924
        ],
        [
          -0.7097077139230139,
          0.5221462549329254,
          0.4729463492381456
        ]
      ],
      "tx": 0.08129139149022824,
      "ty": -0.024190454862320077,
      "tz": 0.0
    },
    {
      "R": [
        [
          -0.0981828270201468,
          -0.30770702999689137,
          0.9464018787855527
        ],
        [
          -0.8750806812089258,
          -0.42618336610901664,
          -0.22935025578121787
        ],
        [
          0.4739134244281905,
          -0.8506962572754624,
          -0.22742458970890933
        ]
      ],
      "tx": 0.028126678656514192,
      "ty": 0.09404032138898419,
      "tz": 0.0
    },
    {
      "R": [
        [
          -0.046522621077118576,
          -0.7209862621212023,
          0.6913858948232976
        ],
        [
          -0.06931396176247018,
          -0.6881370567812009,
          -0.7222623940018595
        ],
        [
          0.9965095184858526,
          -0.08152423515129426,
          -0.01796047466217998
        ]
      ],
      "tx": -0.09795127716067943,
      "ty": -0.08595528678107928,
      "tz": 0.0
    },
    {
      "R": [
        [
          -0.5208057381961295,
          0.06396995402060052,
          -0.8512750601565784
        ],
        [
          -0.4923209601348905,
          0.7921468999841192,
          0.3607261579888673
        ],
        [
          0.6974105356774039,
          0.6069688079532193,
          -0.38106090182279795
        ]
      ],
      "tx": 0.0938308550235725,
      "ty": -0.08726313627550263,
      "tz": 0.0
    },
    {
      "R": [
        [
          0.11739659158045435,
          0.547908907519139,
          -0.8282595422610449
        ],
        [
          0.36306822243708414,
          0.7526101536477675,
          0.5493263351439286
        ],
        [
          0.9243373335215169,
          -0.3652037591365501,
          -0.11057444628332869
        ]
      ],
      "tx": -0.058852755527916766,
      "ty": 0.09829551019445387,
      "tz": 0.0
    },
    {
      "R": [
        [
          0.2729097293498073,
          0.4763361591601442,
          0.835837390347415
        ],
        [
          0.6766480814555482,
          -0.7126367365802935,
          0.18519248240335082
        ],
        [
          0.6838623059423152,
          0.515026936337073,
          -0.5167974471284742
        ]
      ],
      "tx": -0.015385087565692221,
      "ty": 0.046717480482334706,
      "tz": 0.0
    },
    {
      "R": [
        [
          -0.5419501276219267,
          -0.1305417014163841,
          -0.8302101681874856
        ],
        [
          0.8350617561000324,
          -0.19492282734690192,
          -0.5144676422071849
        ],
        [
          -0.0946674319378501,
          -0.9720925653302804,
          0.21464883358613185
        ]
      ],
      "tx": 0.09618889305851583,
      "ty": 0.09770703767495942,
      "tz": 0.0
    }
  ],
  "points_N": 32025
}