{
  "type": "scene",
  "distance_m": 0.4,
  "num_objects": 12,
  "intrinsics": {
    "width": 640,
    "height": 480,
    "fx": 554.2562584220408,
    "fy": 554.2562584220408,
    "cx": -0.03240877343307186,
    "cy": 0.09859839164725093
  },
  "T_wc": [
    [
      0.999999999999,
      0.0,
      0.0,
      0.0
    ],
    [
      -0.0,
      0.9999999999965001,
      0.0,
      0.0
    ],
    [
      0.0,
      0.0,
      -0.9999999999975001,
      0.41501416601240637
    ],
    [
      0.0,
      0.0,
      0.0,
      1.0
    ]
  ],
  "bin_size": {
    "w": 0.25,
    "d": 0.25
  },
  "z_floor": 0.0,
  "piece_aabb": {
    "w": 0.0300283320248127,
    "d": 0.0300283320248127,
    "h": 0.0300283320248127
  },
  "poses": [
    {
      "R": [
        [
          0.12614601200258957,
          -0.6779406964007915,
          -0.7242123968971068
        ],
        [
          0.04366998265669053,
          -0.7255414734466634,
          0.6867914551911729
        ],
        [
          -0.9910500069474835,
          -0.11826234596207857,
          -0.06191850496369211
        ]
      ],
      "tx": 0.04120819583928689,
      "ty": -0.06399187282767718,
      "tz": 0.0
    },
    {
      "R": [
        [
          -0.14003123456431976,
          -0.7837805658863297,
          -0.6050448560935766
        ],
        [
          -0.9859035494993202,
          0.05385748833808501,
          0.15840947583574025
        ],
        [
          -0.09157207233121534,
          0.6186981456969283,
          -0.7802737725184339
        ]
      ],
      "tx": -0.08620808990729391,
      "ty": -0.019637056076419246,
      "tz": 0.0
    },
    {
      "R": [
        [
          -0.7990221633482637,
          -0.3688418479947989,
          -0.47488869606050027
        ],
        [
          0.5668531462961335,
          -0.19856906988871303,
          -0.7995297586817552
        ],
        [
          0.20060182704161694,
          -0.9080341489455742,
          0.36774024981806397
        ]
      ],
      "tx": -0.09432321246501063,
      "ty": -0.09595712263004715,
      "tz": 0.0
    },
    {
      "R": [
        [
          -0.4629098498931623,
          0.130458253771581,
          -0.8767525961722384
        ],
        [
          0.7511823791600736,
          0.5828336457284781,
          -0.30988703529877215
        ],
        [
          0.47057359053744374,
          -0.8020508621214248,
          -0.3677973769060592
        ]
      ],
      "tx": -0.006251052794969181,
      "ty": 0.04713260664642413,
      "tz": 0.0
    },
    {
      "R": [
        [
          0.015309506439428078,
          -0.9551083988753671,
          -0.2958607196136612
        ],
        [
          -0.5466009829695496,
          0.2397740141799215,
          -0.8023314698681392
        ],
        [
          0.8372532379330061,
          0.17400105896740758,
          -0.5183923678536533
        ]
      ],
      "tx": 0.0562537514774997,
      "ty": 0.0008209102598627366,
      "tz": 0.0
    },
    {
      "R": [
        [
          0.7655384369305737,
          -0.6165541847788103,
          0.18387995761809048
        ],
        [
          -0.3506195560736909,
          -0.6394160235901765,
          -0.6842609704453521
        ],
        [
          0.5394597561269812,
          0.45935616465642826,
          -0.7056734978101094
        ]
      ],
      "tx": -0.03160917029292852,
      "ty": -0.03855763084999913,
      "tz": 0.0
    },
    {
      "R": [
        [
          0.8032404264235655,
          0.19023822614319194,
          -0.5644592409313363
        ],
        [
          -0.17669875054146392,
          0.9810732211483031,
          0.07920155492651804
        ],
        [
          0.5688430090244356,
          0.03612135185156447,
          0.8216525293726304
        ]
      ],
      "tx": 0.09514143391859906,
      "ty": 0.08970596192497549,
      "tz": 0.0
    },
    {
      "R": [
        [
          0.7301194535262591,
          -0.48254954811793027,
          -0.48380938105177157
        ],
        [
          -0.6800213725294428,
          -0.5825910755506007,
          -0.4451500551409238
        ],
        [
          -0.06705606971549744,
          0.6540134343421212,
          -0.7535050837348976
        ]
      ],
      "tx": -0.07722154652396093,
      "ty": 0.058971726539088914,
      "tz": 0.0
    },
    {
      "R": [
        [
          -0.8995944286976738,
          -0.43425330998884315,
          0.046410414993172805
        ],
        [
          -0.26370701842778776,
          0.6248318463312463,
          0.7348767054698442
        ],
        [
          -0.34812134707315967,
          0.6488522378585277,
          -0.6766108934520259
        ]
      ],
      "tx": -0.02732193862448061,
      "ty": -0.09884198176703674,
      "tz": 0.0
    },
    {
      "R": [
        [
          -0.12711443659199007,
          0.8793554702277588,
          -0.4588854726295202
        ],
        [
          -0.5932678736399646,
          0.30335762086416307,
          0.7456590266136055
        ],
        [
          0.7949057492033982,
          0.3670260356489058,
          0.48313221693365915
        ]
      ],
      "tx": 0.09898363433181637,
      "ty": -0.059269835197708357,
      "tz": 0.0
    },
    {
      "R": [
        [
          -0.83348908927445,
          -0.16300379541023458,
          -0.5279447894830538
        ],
        [
          0.538328224708251,
          -0.024279822570898224,
          -0.8423854300131196
        ],
        [
          0.12449361647454224,
          -0.9863266461460848,
          0.10798651100626189
        ]
      ],
      "tx": 0.03787675907679636,
      "ty": 0.089293436492933,
      "tz": 0.0
    },
    {
      "R": [
        [
          -0.5081231673251145,
          -0.5851137882745489,
          -0.6320227065529372
        ],
        [
          -0.8608756378777506,
          0.32242393325069263,
          0.3936190332996222
        ],
        [
          -0.026532676760361418,
          0.7440999005766359,
          -0.6675412758966826
        ]
      ],
      "tx": -0.03240877343307186,
      "ty": 0.09859839164725093,
      "tz": 0.0
    }
  ],
  "points_N": 31978
}