{
  "type": "scene",
  "distance_m": 0.4,
  "num_objects": 12,
  "intrinsics": {
    "width": 640,
    "height": 480,
    "fx": 554.2562584220408,
    "fy": 554.2562584220408,
    "cx": 0.09862729211702334,
    "cy": -0.04178156776808773
  },
  "T_wc": [
    [
      0.999999999999,
      0.0,
      0.0,
      0.0
    ],
    [
      -0.0,
      0.9999999999965001,
      0.0,
      0.0
    ],
    [
      0.0,
      0.0,
      -0.9999999999975001,
      0.41501416601240637
    ],
    [
      0.0,
      0.0,
      0.0,
      1.0
    ]
  ],
  "bin_size": {
    "w": 0.25,
    "d": 0.25
  },
  "z_floor": 0.0,
  "piece_aabb": {
    "w": 0.0300283320248127,
    "d": 0.0300283320248127,
    "h": 0.0300283320248127
  },
  "poses": [
    {
      "R": [
        [
          -0.3422403554507396,
          -0.9355452412530766,
          -0.08733063992479462
        ],
        [
          0.6474597866139057,
          -0.1674517427367619,
          -0.7434754458435712
        ],
        [
          0.680931247497739,
          -0.31099037834496424,
          0.6630366662244471
        ]
      ],
      "tx": -0.014066855297109715,
      "ty": 0.03243254223279121,
      "tz": 0.0
    },
    {
      "R": [
        [
          -0.3985165444471359,
          -0.8724072326807332,
          -0.2830020921623349
        ],
        [
          -0.8182948450206532,
          0.19885103924002268,
          0.5393067872795484
        ],
        [
          -0.41421988172290675,
          0.4465018304100308,
          -0.793131770279033
        ]
      ],
      "tx": -0.0974367462266701,
      "ty": 0.09315241436703786,
      "tz": 0.0
    },
    {
      "R": [
        [
          0.7610804561930399,
          0.21907910062834432,
          0.6105414702285751
        ],
        [
          0.21968116038474425,
          0.798561195622218,
          -0.56039290200575
        ],
        [
          -0.6103250994126054,
          0.5606285441486988,
          0.5596417680201362
        ]
      ],
      "tx": -0.06641857672063164,
      "ty": 0.005673840612525433,
      "tz": 0.0
    },
    {
      "R": [
        [
          -0.645026167578095,
          -0.2401168161714188,
          0.725455138331252
        ],
        [
          -0.32028110653322495,
          -0.7769901385917768,
          -0.5419468030434207
        ],
        [
          0.6938020293551814,
          -0.5819194438432456,
          0.42427409176121
        ]
      ],
      "tx": 0.027974917999444793,
      "ty": 0.09695874819711908,
      "tz": 0.0
    },
    {
      "R": [
        [
          -0.8670169735924493,
          0.49111401023886386,
          -0.08419380291738413
        ],
        [
          0.46646886753632527,
          0.8594014730141291,
          0.20937025529077327
        ],
        [
          0.17518094394644754,
          0.142253777202036,
          -0.9742050604209493
        ]
      ],
      "tx": 0.053657089315333834,
      "ty": 0.011287252690807534,
      "tz": 0.0
    },
    {
      "R": [
        [
          0.9131497281360157,
          -0.14191532615037347,
          0.3821225120413005
        ],
        [
          0.20422602851228164,
          0.9705752099489717,
          -0.12757543302144853
        ],
        [
          -0.3527737281646997,
          0.19453483501970154,
          0.9152632925451758
        ]
      ],
      "tx": 0.048681011421986525,
      "ty": -0.07319591661416006,
      "tz": 0.0
    },
    {
      "R": [
        [
          -0.7424296940273181,
          0.6121418605214445,
          0.27217731724713456
        ],
        [
          0.44236196593119137,
          0.7530665282791102,
          -0.4870386997797398
        ],
        [
          -0.5031044032047368,
          -0.241191099717615,
          -0.8298872290215178
        ]
      ],
      "tx": -0.09524184916554333,
      "ty": -0.052233021536449056,
      "tz": 0.0
    },
    {
      "R": [
        [
          -0.6700594577820962,
          -0.46086429016040464,
          0.5819144516951862
        ],
        [
          -0.3132052246467961,
          -0.5351997664290136,
          -0.7845149439419742
        ],
        [
          0.672995401388979,
          -0.707930304528119,
          0.21427056176715398
        ]
      ],
      "tx": 0.0852435329119739,
      "ty": 0.08488679403271376,
      "tz": 0.0
    },
    {
      "R": [
        [
          0.6533413754652794,
          -0.7481067938842267,
          0.11610888014876439
        ],
        [
          -0.57010647983489,
          -0.5870880570944788,
          -0.5747227286851467
        ],
        [
          0.49812011478699303,
          0.30929571313112914,
          -0.8100694495432474
        ]
      ],
      "tx": -0.01687456504381621,
      "ty": -0.0320857056958781,
      "tz": 0.0
    },
    {
      "R": [
        [
          -0.6776798606863674,
          -0.016148613163911738,
          -0.7351797254501701
        ],
        [
          -0.24472184091927401,
          0.9477250502320941,
          0.2047643761489197
        ],
        [
          0.6934415815317009,
          0.318679229720823,
          -0.6462060983520317
        ]
      ],
      "tx": -0.016459110557171697,
      "ty": -0.09522276656930474,
      "tz": 0.0
    },
    {
      "R": [
        [
          0.5391737597833737,
          -0.43845686719453525,
          0.719059964377808
        ],
        [
          -0.4976585224217307,
          0.5229210891067939,
          0.692018446017434
        ],
        [
          -0.6794318595871705,
          -0.7309645067835498,
          0.0637435330100331
        ]
      ],
      "tx": -0.03730606173268593,
      "ty": 0.09189365530727236,
      "tz": 0.0
    },
    {
      "R": [
        [
          -0.03574887403081073,
          0.18467087654749004,
          -0.9821500320015831
        ],
        [
          -0.7746075917468573,
          -0.6260738652031566,
          -0.08952426552456916
        ],
        [
          -0.6314309913313275,
          0.7575804793319065,
          0.16542889868936306
        ]
      ],
      "tx": 0.09862729211702334,
      "ty": -0.04178156776808773,
      "tz": 0.0
    }
  ],
  "points_N": 33472
}