{
  "type": "scene",
  "distance_m": 0.4,
  "num_objects": 8,
  "intrinsics": {
    "width": 640,
    "height": 480,
    "fx": 554.2562584220408,
    "fy": 554.2562584220408,
    "cx": -0.09511817916619163,
    "cy": -0.015664154989135093
  },
  "T_wc": [
    [
      0.999999999999,
      0.0,
      0.0,
      0.0
    ],
    [
      -0.0,
      0.9999999999965001,
      0.0,
      0.0
    ],
    [
      0.0,
      0.0,
      -0.9999999999975001,
      0.41501416601240637
    ],
    [
      0.0,
      0.0,
      0.0,
      1.0
    ]
  ],
  "bin_size": {
    "w": 0.25,
    "d": 0.25
  },
  "z_floor": 0.0,
  "piece_aabb": {
    "w": 0.0300283320248127,
    "d": 0.0300283320248127,
    "h": 0.0300283320248127
  },
  "poses": [
    {
      "R": [
        [
          -0.18312138413746104,
          0.8498501525849171,
          0.49418749156870945
        ],
        [
          0.49834561496961144,
          -0.35306782580025464,
          0.7918300060147005
        ],
        [
          0.8474185546187551,
          0.3912771760990843,
          -0.3588648279670017
        ]
      ],
      "tx": -0.010263834595261659,
      "ty": -0.06067232345256893,
      "tz": 0.0
    },
    {
      "R": [
        [
          -0.5176578353884078,
          0.25107168224878895,
          0.8179201524805164
        ],
        [
          -0.8219718901996943,
          0.11939592511582009,
          -0.5568723595109378
        ],
        [
          -0.23747121337654736,
          -0.9605767139788995,
          0.14456762908400234
        ]
      ],
      "tx": -0.03660659429564531,
      "ty": 0.07673893345002211,
      "tz": 0.0
    },
    {
      "R": [
        [
          -0.8021828020731041,
          -0.1831127350891738,
          0.568306676281658
        ],
        [
          -0.31032673355112633,
          -0.6852914737705467,
          -0.6588421012813924
        ],
        [
          0.5100980989002326,
          -0.7048725574354234,
          0.4929042577142281
        ]
      ],
      "tx": 0.09852175143506453,
      "ty": 0.052217538414182696,
      "tz": 0.0
    },
    {
      "R": [
        [
          0.5559523988407655,
          -0.26648468818659193,
          -0.7873390890748999
        ],
        [
          0.35971736717549224,
          -0.7767891047726119,
          0.5169159529932266
        ],
        [
          -0.7493466127070505,
          -0.5706002082620181,
          -0.3359985957646414
        ]
      ],
      "tx": 0.09632324204740703,
      "ty": -0.0621276972712419,
      "tz": 0.0
    },
    {
      "R": [
        [
          0.2162364348453223,
          -0.7246782712420544,
          -0.6542806793991489
        ],
        [
          -0.8975365572126822,
          -0.41130341065605247,
          0.15892650140711026
        ],
        [
          -0.3842784572574818,
          0.5528751283719733,
          -0.739364023817418
        ]
      ],
      "tx": -0.03869087946591465,
      "ty": 0.017708241439627875,
      "tz": 0.0
    },
    {
      "R": [
        [
          -0.5485891780934189,
          0.2924605853265353,
          0.78327308118513
        ],
        [
          0.7834068431334692,
          0.5070969182997555,
          0.3593416669167983
        ],
        [
          -0.2921020914174338,
          0.8107524415512737,
          -0.507303505515396
        ]
      ],
      "tx": 0.031724684479115056,
      "ty": 0.06703486274571724,
      "tz": 0.0
    },
    {
      "R": [
        [
          -0.8424909986007485,
          0.17493091275458214,
          -0.5095175100421603
        ],
        [
          0.10586006800849793,
          -0.8736094944664676,
          -0.4749737857811516
        ],
        [
          -0.5282069322509411,
          -0.4540986973565239,
          0.7174899370591603
        ]
      ],
      "tx": -0.09695089159757322,
      "ty": -0.0759867805063506,
      "tz": 0.0
    },
    {
      "R": [
        [
          -0.6255062595041052,
          -0.3641165781523543,
          0.6900442281736754
        ],
        [
          0.6662300616502097,
          0.21101908677714454,
          0.7152680965689003
        ],
        [
          -0.40605347464926433,
          0.9071328803049531,
          0.11059165065636256
        ]
      ],
      "tx": -0.09511817916619163,
      "ty": -0.015664154989135093,
      "tz": 0.0
    }
  ],
  "points_N": 22658
}