{
  "type": "scene",
  "distance_m": 0.4,
  "num_objects": 12,
  "intrinsics": {
    "width": 640,
    "height": 480,
    "fx": 554.2562584220408,
    "fy": 554.2562584220408,
    "cx": -0.0984036165894212,
    "cy": -0.0942291891936248
  },
  "T_wc": [
    [
      0.999999999999,
      0.0,
      0.0,
      0.0
    ],
    [
      -0.0,
      0.9999999999965001,
      0.0,
      0.0
    ],
    [
      0.0,
      0.0,
      -0.9999999999975001,
      0.41501416601240637
    ],
    [
      0.0,
      0.0,
      0.0,
      1.0
    ]
  ],
  "bin_size": {
    "w": 0.25,
    "d": 0.25
  },
  "z_floor": 0.0,
  "piece_aabb": {
    "w": 0.0300283320248127,
    "d": 0.0300283320248127,
    "h": 0.0300283320248127
  },
  "poses": [
    {
      "R": [
        [
          -0.3659340575039436,
          0.38889901218669576,
          -0.8454879205990544
        ],
        [
          -0.6827830058427413,
          -0.7295229933818774,
          -0.04004458839214586
        ],
        [
          -0.6323761795727696,
          0.5626311051189381,
          0.5324909455207578
        ]
      ],
      "tx": -0.05871553268902101,
      "ty": -0.0462280518651585,
      "tz": 0.0
    },
    {
      "R": [
        [
          -0.8332173151400442,
          -0.5246507337569584,
          -0.17461532956502396
        ],
        [
          -0.35723804289377925,
          0.2697270850909258,
          0.8942193692141626
        ],
        [
          -0.42205436434212956,
          0.8074583005559096,
          -0.4121664789901325
        ]
      ],
      "tx": 0.00956648873099604,
      "ty": 0.08277188773778707,
      "tz": 0.0
    },
    {
      "R": [
        [
          -0.9626575246255533,
          -0.26132929085536183,
          0.07069294181766189
        ],
        [
          0.1642511021040126,
          -0.35621893107614633,
          0.919853058156891
        ],
        [
          -0.2152023832103605,
          0.8971148615890839,
          0.38584045844957704
        ]
      ],
      "tx": 0.009757629116323371,
      "ty": 0.02177561981702178,
      "tz": 0.0
    },
    {
      "R": [
        [
          0.2551912178128768,
          0.9114436356531478,
          -0.32271960178853865
        ],
        [
          -0.24855317314761127,
          0.3843926140291717,
          0.8890802204514922
        ],
        [
          0.9343975398455598,
          -0.14667248312888248,
          0.3246358270791646
        ]
      ],
      "tx": -0.05924069808258624,
      "ty": 0.041889931639114975,
      "tz": 0.0
    },
    {
      "R": [
        [
          0.9456889609982069,
          -0.13734378604162162,
          0.29463379555286123
        ],
        [
          0.09922069025902347,
          -0.7411560152127186,
          -0.6639601010140045
        ],
        [
          0.30956040391279843,
          0.6571335066405893,
          -0.6872757167102497
        ]
      ],
      "tx": 0.09085700277667882,
      "ty": -0.05105177365968675,
      "tz": 0.0
    },
    {
      "R": [
        [
          -0.8242305692847294,
          0.009595456850310713,
          0.5661730264366227
        ],
        [
          -0.46766234477257423,
          0.5522188950950405,
          -0.6901783995329255
        ],
        [
          -0.3192740201431816,
          -0.8336439402453822,
          -0.45066826042418917
        ]
      ],
      "tx": 0.08998363253241837,
      "ty": 0.019856376193126093,
      "tz": 0.0
    },
    {
      "R": [
        [
          0.29951959784775384,
          -0.857318995906794,
          -0.41867905340784173
        ],
        [
          0.028934086998140873,
          0.4467856665333043,
          -0.8941730183750654
        ],
        [
          0.9536513142206138,
          0.25570824671441006,
          0.158626805576922
        ]
      ],
      "tx": -0.08927440001204662,
      "ty": 0.09872307236266673,
      "tz": 0.0
    },
    {
      "R": [
        [
          0.14747680396178642,
          -0.29279930979010804,
          -0.944732320014327
        ],
        [
          0.46472532168192393,
          0.8636855410544395,
          -0.19513498292498022
        ],
        [
          0.8730870332795287,
          -0.4102631476990547,
          0.2634448366531683
        ]
      ],
      "tx": 0.01909052547012184,
      "ty": -0.0425234789649945,
      "tz": 0.0
    },
    {
      "R": [
        [
          -0.9325443735070045,
          0.08292879424628365,
          0.3514026273739086
        ],
        [
          -0.23687888000844065,
          0.5939952906114025,
          -0.7688029597610965
        ],
        [
          -0.2724874082345371,
          -0.8001827352650973,
          -0.5342828862478113
        ]
      ],
      "tx": -0.008421047603498683,
      "ty": -0.09781903215609487,
      "tz": 0.0
    },
    {
      "R": [
        [
          -0.9279773992450298,
          0.18652988504774695,
          0.32259037256946343
        ],
        [
          -0.1015781602328035,
          0.7062889328580905,
          -0.7005981877552202
        ],
        [
          -0.35852450941902125,
          -0.6829074207432909,
          -0.6364728044776118
        ]
      ],
      "tx": 0.0850220454494508,
      "ty": 0.08702405927193368,
      "tz": 0.0
    },
    {
      "R": [
        [
          -0.6940237317467179,
          -0.581125408461284,
          -0.424999199308734
        ],
        [
          -0.06770482457861998,
          0.6403811562704851,
          -0.7650673378353403
        ],
        [
          0.7167615478673067,
          -0.5022003926067582,
          -0.48378471365317033
        ]
      ],
      "tx": 0.05061844518739955,
      "ty": -0.0967907188981929,
      "tz": 0.0
    },
    {
      "R": [
        [
          -0.7926474344900054,
          -0.5430010339809866,
          0.2772362200218293
        ],
        [
          0.39909976042902867,
          -0.8058814748921548,
          -0.43734932222553813
        ],
        [
          0.46090066806406854,
          -0.2360189092450539,
          0.8554914661508146
        ]
      ],
      "tx": -0.0984036165894212,
      "ty": -0.0942291891936248,
      "tz": 0.0
    }
  ],
  "points_N": 32671
}