{
  "type": "scene",
  "distance_m": 0.4,
  "num_objects": 11,
  "intrinsics": {
    "width": 640,
    "height": 480,
    "fx": 554.2562584220408,
    "fy": 554.2562584220408,
    "cx": -0.040315251441546,
    "cy": -0.0466295962676901
  },
  "T_wc": [
    [
      0.999999999999,
      0.0,
      0.0,
      0.0
    ],
    [
      -0.0,
      0.9999999999965001,
      0.0,
      0.0
    ],
    [
      0.0,
      0.0,
      -0.9999999999975001,
      0.41501416601240637
    ],
    [
      0.0,
      0.0,
      0.0,
      1.0
    ]
  ],
  "bin_size": {
    "w": 0.25,
    "d": 0.25
  },
  "z_floor": 0.0,
  "piece_aabb": {
    "w": 0.0300283320248127,
    "d": 0.0300283320248127,
    "h": 0.0300283320248127
  },
  "poses": [
    {
      "R": [
        [
          0.28015746871223146,
          -0.9533869508357602,
          -0.11209422242402456
        ],
        [
          -0.5559137855010721,
          -0.2563280271334827,
          0.7907311841553516
        ],
        [
          -0.7826056834796327,
          -0.15921452346425002,
          -0.6018131601281489
        ]
      ],
      "tx": 0.017047382890179555,
      "ty": -0.057802705921593825,
      "tz": 0.0
    },
    {
      "R": [
        [
          -0.47462633086737616,
          0.7160105067260369,
          0.5119167904115824
        ],
        [
          0.19435755775238567,
          -0.48198805899886055,
          0.8543492557069614
        ],
        [
          0.8584608236791591,
          0.5049915496723039,
          0.08960217055219688
        ]
      ],
      "tx": -0.0774754922165393,
      "ty": -0.09139685035288857,
      "tz": 0.0
    },
    {
      "R": [
        [
          0.7874992857656866,
          0.5512262440304388,
          0.2756710046606797
        ],
        [
          0.1221363379889917,
          -0.5779963375282098,
          0.8068475374856238
        ],
        [
          0.6040923686500039,
          -0.6017224124927302,
          -0.5224964578279521
        ]
      ],
      "tx": -0.005429247117374261,
      "ty": 0.09702839847799741,
      "tz": 0.0
    },
    {
      "R": [
        [
          0.19807306578892636,
          0.8178899036876981,
          0.5402065957156608
        ],
        [
          -0.5824820577235494,
          -0.34504079914046226,
          0.7359765616910977
        ],
        [
          0.7883411146446155,
          -0.4604377833912402,
          0.4080629051833139
        ]
      ],
      "tx": -0.0037075223491839365,
      "ty": 0.010432706244913714,
      "tz": 0.0
    },
    {
      "R": [
        [
          -0.25343833180694153,
          0.033262684391409,
          0.966779502160649
        ],
        [
          -0.38842938421283263,
          0.9118011024043812,
          -0.13319670842102274
        ],
        [
          -0.8859410959262216,
          -0.40928271827824936,
          -0.2181651463176757
        ]
      ],
      "tx": 0.0773446986152834,
      "ty": 0.0006414802345467152,
      "tz": 0.0
    },
    {
      "R": [
        [
          0.7238414122347121,
          -0.5828404937264896,
          0.36925677895838216
        ],
        [
          0.624661811157894,
          0.3263103810924439,
          -0.7094498973657293
        ],
        [
          0.2930038081919709,
          0.7441898239454541,
          0.6002751655041518
        ]
      ],
      "tx": 0.042704851268635075,
      "ty": 0.049484129729157084,
      "tz": 0.0
    },
    {
      "R": [
        [
          0.983965383271076,
          -0.166673910505684,
          0.0634974966510312
        ],
        [
          -0.1195204767675259,
          -0.3519135786660166,
          0.9283704480344797
        ],
        [
          -0.1323895016890228,
          -0.9210736347910629,
          -0.36619172455875026
        ]
      ],
      "tx": -0.062331071176643556,
      "ty": 0.05746448748525454,
      "tz": 0.0
    },
    {
      "R": [
        [
          -0.24129399961801035,
          0.5052142072456016,
          0.8285745654710517
        ],
        [
          -0.9400319537630359,
          -0.33377672862632046,
          -0.07023547061109009
        ],
        [
          0.24107495028059905,
          -0.7958339652369144,
          0.5554558201355861
        ]
      ],
      "tx": 0.0922744501610574,
      "ty": -0.09563048003272996,
      "tz": 0.0
    },
    {
      "R": [
        [
          0.19800501140730242,
          0.7096816277531826,
          -0.6761257299402141
        ],
        [
          0.19889187712496598,
          -0.7045224030314006,
          -0.6812416640521693
        ],
        [
          -0.9598104170466695,
          0.0004133478614825048,
          -0.2806488775538645
        ]
      ],
      "tx": -0.08383730307646657,
      "ty": -0.009299883557519317,
      "tz": 0.0
    },
    {
      "R": [
        [
          0.8308947938653438,
          0.529433601259426,
          -0.17121303509062286
        ],
        [
          0.5444386551530281,
          -0.71001142385631,
          0.44662101245765085
        ],
        [
          0.11489296019613154,
          -0.46431006865133784,
          -0.8781889135296344
        ]
      ],
      "tx": 0.09334048342070775,
      "ty": 0.081725522422293,
      "tz": 0.0
    },
    {
      "R": [
        [
          0.010559605585093168,
          -0.7635553198435976,
          -0.645656075839474
        ],
        [
          -0.22916286602976593,
          -0.6303549466644904,
          0.7417122232029286
        ],
        [
          -0.9733308150690139,
          0.14012820827424033,
          -0.18163482508302287
        ]
      ],
      "tx": -0.040315251441546,
      "ty": -0.0466295962676901,
      "tz": 0.0
    }
  ],
  "points_N": 29643
}