{
  "type": "scene",
  "distance_m": 0.4,
  "num_objects": 5,
  "intrinsics": {
    "width": 640,
    "height": 480,
    "fx": 554.2562584220408,
    "fy": 554.2562584220408,
    "cx": 0.08001666497169374,
    "cy": -0.06763410843010788
  },
  "T_wc": [
    [
      0.999999999999,
      0.0,
      0.0,
      0.0
    ],
    [
      -0.0,
      0.9999999999965001,
      0.0,
      0.0
    ],
    [
      0.0,
      0.0,
      -0.9999999999975001,
      0.41501416601240637
    ],
    [
      0.0,
      0.0,
      0.0,
      1.0
    ]
  ],
  "bin_size": {
    "w": 0.25,
    "d": 0.25
  },
  "z_floor": 0.0,
  "piece_aabb": {
    "w": 0.0300283320248127,
    "d": 0.0300283320248127,
    "h": 0.0300283320248127
  },
  "poses": [
    {
      "R": [
        [
          0.44307736725683,
          -0.8930631271020116,
          0.07823488758560498
        ],
        [
          -0.8153712557826506,
          -0.4377248253213071,
          -0.3789019563697903
        ],
        [
          0.37262871852311596,
          0.1040924027400997,
          -0.9221239666246688
        ]
      ],
      "tx": -0.041081261349941334,
      "ty": -0.06542016416931158,
      "tz": 0.0
    },
    {
      "R": [
        [
          -0.07670874576651854,
          0.9950352507653142,
          0.06340834375171456
        ],
        [
          -0.12183622226444674,
          -0.07247368466952997,
          0.9899007525882326
        ],
        [
          0.9895815798948844,
          0.06820861210162205,
          0.12679070142528037
        ]
      ],
      "tx": 0.03435579913191958,
      "ty": 0.07264106276659413,
      "tz": 0.0
    },
    {
      "R": [
        [
          0.36576533524714194,
          0.4199697174548261,
          -0.8305667679075893
        ],
        [
          0.28278912129650696,
          0.800064555845012,
          0.5290812974929969
        ],
        [
          0.8867051552843793,
          -0.4283948446251859,
          0.173873013117814
        ]
      ],
      "tx": -0.05962814426640701,
      "ty": 0.06700821741210397,
      "tz": 0.0
    },
    {
      "R": [
        [
          -0.832912255988886,
          -0.5473992494674704,
          -0.08130950440111342
        ],
        [
          0.22470022568436449,
          -0.46878839449752796,
          0.8542524508374711
        ],
        [
          -0.5057341024697665,
          0.6932470720218589,
          0.513460334137136
        ]
      ],
      "tx": -0.020838984611321984,
      "ty": 0.021226097133951863,
      "tz": 0.0
    },
    {
      "R": [
        [
          0.7242010514483119,
          -0.2048968915255016,
          -0.6584452148237895
        ],
        [
          0.5253700983328677,
          -0.4545502329870197,
          0.7192846067233463
        ],
        [
          -0.4466756058470983,
          -0.8668340957384133,
          -0.22153905661642304
        ]
      ],
      "tx": 0.08001666497169374,
      "ty": -0.06763410843010788,
      "tz": 0.0
    }
  ],
  "points_N": 12438
}