{
  "type": "scene",
  "distance_m": 0.4,
  "num_objects": 4,
  "intrinsics": {
    "width": 640,
    "height": 480,
    "fx": 554.2562584220408,
    "fy": 554.2562584220408,
    "cx": 0.03453161593065332,
    "cy": -0.0513449870821335
  },
  "T_wc": [
    [
      0.999999999999,
      0.0,
      0.0,
      0.0
    ],
    [
      -0.0,
      0.9999999999965001,
      0.0,
      0.0
    ],
    [
      0.0,
      0.0,
      -0.9999999999975001,
      0.41501416601240637
    ],
    [
      0.0,
      0.0,
      0.0,
      1.0
    ]
  ],
  "bin_size": {
    "w": 0.25,
    "d": 0.25
  },
  "z_floor": 0.0,
  "piece_aabb": {
    "w": 0.0300283320248127,
    "d": 0.0300283320248127,
    "h": 0.0300283320248127
  },
  "poses": [
    {
      "R": [
        [
          0.1794605796562354,
          -0.30689666879508554,
          0.9346701744636595
        ],
        [
          0.9733871607450071,
          0.19303418483789203,
          -0.12351209973417293
        ],
        [
          -0.1425178432555788,
          0.9319615003670754,
          0.333371303785026
        ]
      ],
      "tx": -2.139612043308703e-05,
      "ty": 0.03652737588449129,
      "tz": 0.0
    },
    {
      "R": [
        [
          -0.7164451682733672,
          0.6073267212171952,
          0.34330827917968665
        ],
        [
          -0.24775155885083053,
          0.23853103280561982,
          -0.9390005918398922
        ],
        [
          -0.6521698290665783,
          -0.7577975983626865,
          -0.020428264023518494
        ]
      ],
      "tx": 0.08399152334418583,
      "ty": 0.0503999145033979,
      "tz": 0.0
    },
    {
      "R": [
        [
          -0.01938652811290642,
          0.6262482253633281,
          -0.7793826548987407
        ],
        [
          -0.03754875564213339,
          -0.7794352661351174,
          -0.6253565038077128
        ],
        [
          -0.9991067277710898,
          0.01714135741885292,
          0.03862538528460657
        ]
      ],
      "tx": -0.041752091199420735,
      "ty": -0.03645420550053549,
      "tz": 0.0
    },
    {
      "R": [
        [
          -0.2632792625366762,
          0.8467606372955304,
          -0.4622558307312212
        ],
        [
          0.579925092793271,
          0.5218350587948255,
          0.6255997587605969
        ],
        [
          0.7709545490279308,
          -0.10336631240142147,
          -0.6284460906025844
        ]
      ],
      "tx": 0.03453161593065332,
      "ty": -0.0513449870821335,
      "tz": 0.0
    }
  ],
  "points_N": 9669
}