{
  "type": "scene",
  "distance_m": 0.4,
  "num_objects": 11,
  "intrinsics": {
    "width": 640,
    "height": 480,
    "fx": 554.2562584220408,
    "fy": 554.2562584220408,
    "cx": 0.09833160192934276,
    "cy": -0.0982420919017282
  },
  "T_wc": [
    [
      0.999999999999,
      0.0,
      0.0,
      0.0
    ],
    [
      -0.0,
      0.9999999999965001,
      0.0,
      0.0
    ],
    [
      0.0,
      0.0,
      -0.9999999999975001,
      0.41501416601240637
    ],
    [
      0.0,
      0.0,
      0.0,
      1.0
    ]
  ],
  "bin_size": {
    "w": 0.25,
    "d": 0.25
  },
  "z_floor": 0.0,
  "piece_aabb": {
    "w": 0.0300283320248127,
    "d": 0.0300283320248127,
    "h": 0.0300283320248127
  },
  "poses": [
    {
      "R": [
        [
          -0.13410872164269305,
          -0.9329113980100439,
          -0.33420229538755103
        ],
        [
          0.6545573449405764,
          0.16981550911527965,
          -0.7366935421518648
        ],
        [
          0.7440225352525995,
          -0.31755159632233565,
          0.5878702669037026
        ]
      ],
      "tx": -0.022223774177873037,
      "ty": 0.07430439079736278,
      "tz": 0.0
    },
    {
      "R": [
        [
          -0.0737895660075778,
          0.5247472650384247,
          0.8480538943859093
        ],
        [
          -0.8546198418091554,
          -0.471545668980887,
          0.21741574931789615
        ],
        [
          0.5139844607908957,
          -0.708720671280344,
          0.48325457490377777
        ]
      ],
      "tx": 0.07858564984986882,
      "ty": -0.043204653355953394,
      "tz": 0.0
    },
    {
      "R": [
        [
          -0.3528030319400257,
          0.736039565502455,
          -0.5777333110258422
        ],
        [
          -0.009431511730422226,
          0.6146072183397788,
          0.7887769100012488
        ],
        [
          0.9356500773475114,
          0.28373178387272124,
          -0.20989332428640806
        ]
      ],
      "tx": 0.046631099396187536,
      "ty": 0.02226343247211089,
      "tz": 0.0
    },
    {
      "R": [
        [
          -0.9384775731075397,
          -0.1993756993163788,
          -0.2819737138392289
        ],
        [
          -0.18181887606511868,
          -0.40892050713779304,
          0.8942739597844651
        ],
        [
          -0.2936013301751194,
          0.8905241992019504,
          0.34751245956817944
        ]
      ],
      "tx": -0.09461036895665335,
      "ty": -0.04822181209294191,
      "tz": 0.0
    },
    {
      "R": [
        [
          -0.17043518117817236,
          0.3823752236347556,
          -0.9081525408030493
        ],
        [
          0.8940307887268458,
          -0.3275150196528869,
          -0.3056842500198906
        ],
        [
          -0.41431968071190806,
          -0.864015682873893,
          -0.28603514106267225
        ]
      ],
      "tx": -0.06477208537941734,
      "ty": 0.016004614332375794,
      "tz": 0.0
    },
    {
      "R": [
        [
          -0.838380801284424,
          -0.27280311572273164,
          -0.47190686802552084
        ],
        [
          0.5450834145255394,
          -0.41751721764416816,
          -0.7270236888711749
        ],
        [
          0.0013050850031010863,
          -0.8667513097899776,
          0.49873887328991395
        ]
      ],
      "tx": 0.0822682013255513,
      "ty": 0.09075116737485195,
      "tz": 0.0
    },
    {
      "R": [
        [
          0.9929423938751403,
          0.07569521124808389,
          -0.09129971215515298
        ],
        [
          -0.05093675386028852,
          -0.4230188215742048,
          -0.9046880808876326
        ],
        [
          -0.10710205204234985,
          0.9029536597124347,
          -0.4161776530043857
        ]
      ],
      "tx": -0.028397931653891095,
      "ty": -0.08097720058402995,
      "tz": 0.0
    },
    {
      "R": [
        [
          -0.9142079257475553,
          -0.4050934327697806,
          -0.011098613748936892
        ],
        [
          -0.2217444201519375,
          0.5229772105355666,
          -0.8229971138417915
        ],
        [
          0.33919504806502393,
          -0.7499294286712803,
          -0.5679371192138558
        ]
      ],
      "tx": -0.01071873054499542,
      "ty": -0.023308617639467497,
      "tz": 0.0
    },
    {
      "R": [
        [
          0.8845576004988643,
          0.2606227910447651,
          0.38682504079716473
        ],
        [
          -0.32862299668043154,
          0.9367654769072412,
          0.12032193203037404
        ],
        [
          -0.33100570607236446,
          -0.23355128358196958,
          0.9142696650795923
        ]
      ],
      "tx": -0.09106773216828558,
      "ty": 0.09673049859714652,
      "tz": 0.0
    },
    {
      "R": [
        [
          -0.8686656584102104,
          -0.4276482377501039,
          0.2500739063716689
        ],
        [
          0.4908357182321634,
          -0.6746040858985098,
          0.5513525414800882
        ],
        [
          -0.06708406372807157,
          0.6016862239060046,
          0.7959104323700383
        ]
      ],
      "tx": 0.03416195526865745,
      "ty": -0.08685742948698626,
      "tz": 0.0
    },
    {
      "R": [
        [
          -0.5815042289697943,
          -0.7161956348242668,
          -0.38589719401533734
        ],
        [
          -0.21194556463454556,
          0.5913280414254315,
          -0.7780811172722976
        ],
        [
          0.7854501316582672,
          -0.37066826149891596,
          -0.4956542450089403
        ]
      ],
      "tx": 0.09833160192934276,
      "ty": -0.0982420919017282,
      "tz": 0.0
    }
  ],
  "points_N": 30117
}