{
  "type": "scene",
  "distance_m": 0.4,
  "num_objects": 11,
  "intrinsics": {
    "width": 640,
    "height": 480,
    "fx": 554.2562584220408,
    "fy": 554.2562584220408,
    "cx": -0.09356406820663986,
    "cy": 0.09589378072476912
  },
  "T_wc": [
    [
      0.999999999999,
      0.0,
      0.0,
      0.0
    ],
    [
      -0.0,
      0.9999999999965001,
      0.0,
      0.0
    ],
    [
      0.0,
      0.0,
      -0.9999999999975001,
      0.41501416601240637
    ],
    [
      0.0,
      0.0,
      0.0,
      1.0
    ]
  ],
  "bin_size": {
    "w": 0.25,
    "d": 0.25
  },
  "z_floor": 0.0,
  "piece_aabb": {
    "w": 0.0300283320248127,
    "d": 0.0300283320248127,
    "h": 0.0300283320248127
  },
  "poses": [
    {
      "R": [
        [
          0.9813926316354321,
          0.19106603243204012,
          0.019033492122038906
        ],
        [
          -0.06183885807111518,
          0.2206631437769886,
          0.9733877606642262
        ],
        [
          0.18178134723931821,
          -0.9564525854579174,
          0.22837248863802262
        ]
      ],
      "tx": -0.003119479669316319,
      "ty": 0.01822003053055536,
      "tz": 0.0
    },
    {
      "R": [
        [
          -0.23548871523801584,
          0.04420925235024298,
          0.9708710558061668
        ],
        [
          0.8785671191653601,
          0.43679469099648727,
          0.1932102870935271
        ],
        [
          -0.4155296404795074,
          0.8984742288590786,
          -0.14170101608335628
        ]
      ],
      "tx": 0.004506891040178276,
      "ty": -0.0812494401999781,
      "tz": 0.0
    },
    {
      "R": [
        [
          -0.4838042514932459,
          -0.5134285038082588,
          0.7087486280157955
        ],
        [
          0.5548982411907472,
          -0.8062030548373433,
          -0.20524272531407967
        ],
        [
          0.6767727743936478,
          0.29398606403730787,
          0.6749450392375491
        ]
      ],
      "tx": -0.0919305010982609,
      "ty": -0.011070999472730339,
      "tz": 0.0
    },
    {
      "R": [
        [
          0.8409142423776449,
          -0.4700932595771101,
          -0.2680961847296585
        ],
        [
          0.23897571494665534,
          -0.12191251513222134,
          0.9633420712913305
        ],
        [
          -0.4855448945588517,
          -0.8741565454507012,
          0.009822902500278285
        ]
      ],
      "tx": 0.08229651526801673,
      "ty": -0.01861602042728995,
      "tz": 0.0
    },
    {
      "R": [
        [
          0.48655294364599855,
          0.16693928925199059,
          0.8575532092724357
        ],
        [
          0.6772058596864634,
          0.548076232303864,
          -0.49092226186018395
        ],
        [
          -0.5519587454110423,
          0.8195997299216496,
          0.15361583927651168
        ]
      ],
      "tx": -0.06070317464729981,
      "ty": 0.04810833447648538,
      "tz": 0.0
    },
    {
      "R": [
        [
          0.4696898682787539,
          -0.8777860188168453,
          -0.09425037297517663
        ],
        [
          -0.7727091826774178,
          -0.46038629554087374,
          0.43699539801255183
        ],
        [
          -0.42698003073010776,
          -0.13242418226224661,
          -0.8945120956755654
        ]
      ],
      "tx": 0.0819097668769318,
      "ty": 0.05579594005704411,
      "tz": 0.0
    },
    {
      "R": [
        [
          -0.6957152439138716,
          -0.6300114764495753,
          -0.345059181775661
        ],
        [
          -0.7135456589559056,
          0.6614133024795235,
          0.23105201987499013
        ],
        [
          0.08266130879102293,
          0.40696189360302104,
          -0.9096972711754163
        ]
      ],
      "tx": 0.03594445189201767,
      "ty": 0.09117932733426293,
      "tz": 0.0
    },
    {
      "R": [
        [
          -0.17845848554777177,
          -0.7403122185494245,
          -0.6481438019470872
        ],
        [
          -0.48792764524555354,
          0.6386048224507482,
          -0.5950718391486676
        ],
        [
          0.854446711001409,
          0.21005165985794425,
          -0.47518324702139636
        ]
      ],
      "tx": 0.07509230715420878,
      "ty": -0.09594132943312515,
      "tz": 0.0
    },
    {
      "R": [
        [
          -0.026725171057867092,
          0.1068348179106266,
          0.9939175453295567
        ],
        [
          0.8053572522346362,
          0.5913068358118785,
          -0.04190372531435366
        ],
        [
          -0.5921870156504655,
          0.7993388190274182,
          -0.1018429717302487
        ]
      ],
      "tx": -0.07020658380064089,
      "ty": -0.06899638217363555,
      "tz": 0.0
    },
    {
      "R": [
        [
          0.5297995733823495,
          -0.8132934237294301,
          0.24055398346804047
        ],
        [
          -0.16608841744133807,
          -0.3776295943602328,
          -0.9109393651913162
        ],
        [
          0.8317012983251334,
          0.4426620566321311,
          -0.3351466156512697
        ]
      ],
      "tx": -0.022609630880428375,
      "ty": 0.09129520165281957,
      "tz": 0.0
    },
    {
      "R": [
        [
          -0.5583407841860311,
          0.6768986818267418,
          -0.4796496046654758
        ],
        [
          0.525013137753983,
          -0.15936027727160185,
          -0.8360415702664763
        ],
        [
          -0.6423525308584416,
          -0.7186184499225841,
          -0.26640335870746323
        ]
      ],
      "tx": -0.09356406820663986,
      "ty": 0.09589378072476912,
      "tz": 0.0
    }
  ],
  "points_N": 29212
}