{
  "type": "scene",
  "distance_m": 0.4,
  "num_objects": 9,
  "intrinsics": {
    "width": 640,
    "height": 480,
    "fx": 554.2562584220408,
    "fy": 554.2562584220408,
    "cx": 0.08845742560430378,
    "cy": 0.03743482401735693
  },
  "T_wc": [
    [
      0.999999999999,
      0.0,
      0.0,
      0.0
    ],
    [
      -0.0,
      0.9999999999965001,
      0.0,
      0.0
    ],
    [
      0.0,
      0.0,
      -0.9999999999975001,
      0.41501416601240637
    ],
    [
      0.0,
      0.0,
      0.0,
      1.0
    ]
  ],
  "bin_size": {
    "w": 0.25,
    "d": 0.25
  },
  "z_floor": 0.0,
  "piece_aabb": {
    "w": 0.0300283320248127,
    "d": 0.0300283320248127,
    "h": 0.0300283320248127
  },
  "poses": [
    {
      "R": [
        [
          0.43367659286712756,
          0.5215831533299576,
          0.7347622928277807
        ],
        [
          0.7059337380591101,
          -0.7034351013676949,
          0.08268382933628637
        ],
        [
          0.5599840803710864,
          0.48283545056903,
          -0.6732664832031594
        ]
      ],
      "tx": -0.07102677896171489,
      "ty": 0.035251038388047023,
      "tz": 0.0
    },
    {
      "R": [
        [
          -0.3816459061728039,
          0.7385701448056163,
          -0.5557522321172893
        ],
        [
          -0.003333827649184773,
          0.6001588063097143,
          0.7998739230666945
        ],
        [
          0.9243025954170766,
          0.30712139035031344,
          -0.22658588591204376
        ]
      ],
      "tx": 0.0628124299862933,
      "ty": 0.09761754436980902,
      "tz": 0.0
    },
    {
      "R": [
        [
          -0.4275979564939163,
          0.4075052176950995,
          0.8069073584702872
        ],
        [
          -0.6110173886356189,
          0.5275466739637162,
          -0.5902137388901834
        ],
        [
          -0.6661964713109308,
          -0.7454086156874564,
          0.023414894229401684
        ]
      ],
      "tx": -0.06412561260585761,
      "ty": -0.07700921181137649,
      "tz": 0.0
    },
    {
      "R": [
        [
          0.8776392000264313,
          0.09561332775128198,
          -0.4696887545314362
        ],
        [
          0.2156553725329922,
          0.7963554316349795,
          0.5650759124251555
        ],
        [
          0.42806797926803886,
          -0.5972236750680532,
          0.678293216141505
        ]
      ],
      "tx": 0.05347833656433448,
      "ty": -0.07913372880411232,
      "tz": 0.0
    },
    {
      "R": [
        [
          -0.5501402838843581,
          0.6816480319266696,
          -0.4823915718771804
        ],
        [
          0.7809835259267073,
          0.6244975922250751,
          -0.008215201529615385
        ],
        [
          0.2956524991924252,
          -0.3812593839836367,
          -0.8759171660868921
        ]
      ],
      "tx": 0.003926234218224772,
      "ty": 0.01836269180838572,
      "tz": 0.0
    },
    {
      "R": [
        [
          0.40627484627566723,
          -0.8099705632896194,
          -0.4229520491592156
        ],
        [
          -0.05736202158209791,
          0.4393538028362449,
          -0.8964808053792032
        ],
        [
          0.9119486541268087,
          0.3884789859665855,
          0.13203684977564212
        ]
      ],
      "tx": -0.02074504964953046,
      "ty": 0.07562060390321756,
      "tz": 0.0
    },
    {
      "R": [
        [
          0.28643682486263744,
          -0.8820071229701599,
          0.3741889634830398
        ],
        [
          0.9282022619195841,
          0.35226278704911884,
          0.11979770376661972
        ],
        [
          -0.2374752751971843,
          0.31300856839755686,
          0.9195820408097004
        ]
      ],
      "tx": 0.0564394367167963,
      "ty": -0.016023370579819132,
      "tz": 0.0
    },
    {
      "R": [
        [
          0.6950737900525201,
          0.672722701098777,
          -0.25360716434752156
        ],
        [
          0.716407672741412,
          -0.6185308355998584,
          0.3227687281156195
        ],
        [
          0.060269999330173143,
          -0.4060342015625118,
          -0.911868276859237
        ]
      ],
      "tx": -0.09193603896906678,
      "ty": 0.09013662798502325,
      "tz": 0.0
    },
    {
      "R": [
        [
          0.20455659403564275,
          0.5975111635818924,
          0.7753302581684469
        ],
        [
          -0.21329662218110085,
          0.8002540847879772,
          -0.5604444225311639
        ],
        [
          -0.955333005188594,
          -0.050732722922883,
          0.2911443628548559
        ]
      ],
      "tx": 0.08845742560430378,
      "ty": 0.03743482401735693,
      "tz": 0.0
    }
  ],
  "points_N": 23443
}