{
  "type": "scene",
  "distance_m": 0.4,
  "num_objects": 6,
  "intrinsics": {
    "width": 640,
    "height": 480,
    "fx": 554.2562584220408,
    "fy": 554.2562584220408,
    "cx": 0.070236376792851,
    "cy": 0.0592438921394991
  },
  "T_wc": [
    [
      0.999999999999,
      0.0,
      0.0,
      0.0
    ],
    [
      -0.0,
      0.9999999999965001,
      0.0,
      0.0
    ],
    [
      0.0,
      0.0,
      -0.9999999999975001,
      0.41501416601240637
    ],
    [
      0.0,
      0.0,
      0.0,
      1.0
    ]
  ],
  "bin_size": {
    "w": 0.25,
    "d": 0.25
  },
  "z_floor": 0.0,
  "piece_aabb": {
    "w": 0.0300283320248127,
    "d": 0.0300283320248127,
    "h": 0.0300283320248127
  },
  "poses": [
    {
      "R": [
        [
          -0.4239432300823873,
          -0.17622607800129425,
          0.8883785832062783
        ],
        [
          0.9021483930282523,
          0.0044780445511704015,
          0.4314026240920884
        ],
        [
          -0.0800025913571189,
          0.9843395331638772,
          0.1570836364070628
        ]
      ],
      "tx": 0.09177406658585893,
      "ty": -0.08701840678121472,
      "tz": 0.0
    },
    {
      "R": [
        [
          -0.9924850377634602,
          0.12192315905063147,
          -0.010401591357946743
        ],
        [
          0.024987225804186025,
          0.1187197695330161,
          -0.9926133461064476
        ],
        [
          -0.11978768034432385,
          -0.9854138012069559,
          -0.12087411645420265
        ]
      ],
      "tx": -0.08720357190394694,
      "ty": 0.0036486457215811896,
      "tz": 0.0
    },
    {
      "R": [
        [
          -0.5626797172169669,
          0.8031616566815256,
          0.195762328013388
        ],
        [
          0.4107365280941786,
          0.06610849253890128,
          0.9093542608375319
        ],
        [
          0.7174169222438054,
          0.5920819372779592,
          -0.36708573825116764
        ]
      ],
      "tx": -0.0006326507508674917,
      "ty": -0.08642751992037989,
      "tz": 0.0
    },
    {
      "R": [
        [
          -0.4926265894443209,
          0.8248773899031222,
          -0.27730188423281366
        ],
        [
          -0.8676995067163557,
          -0.4412493744721877,
          0.2289029391949695
        ],
        [
          0.06645757606661151,
          0.35337838240972697,
          0.9331168787610882
        ]
      ],
      "tx": -0.07218867268184212,
      "ty": -0.07779270239826543,
      "tz": 0.0
    },
    {
      "R": [
        [
          0.38838639328493996,
          -0.4335423901421395,
          0.8131402126699656
        ],
        [
          -0.34491158168347885,
          0.7498760747125734,
          0.5645545796415647
        ],
        [
          -0.8545127326913959,
          -0.4997267938819209,
          0.14170787255752337
        ]
      ],
      "tx": -0.022122498409094332,
      "ty": 0.07996921423446082,
      "tz": 0.0
    },
    {
      "R": [
        [
          0.18205632058461485,
          -0.8535687237286709,
          0.48813515547171926
        ],
        [
          0.6247849247369852,
          0.48375288251301685,
          0.6128841215774372
        ],
        [
          -0.7592755059638046,
          0.19340005825375284,
          0.6213671406751837
        ]
      ],
      "tx": 0.070236376792851,
      "ty": 0.0592438921394991,
      "tz": 0.0
    }
  ],
  "points_N": 15584
}