{
  "type": "scene",
  "distance_m": 0.4,
  "num_objects": 12,
  "intrinsics": {
    "width": 640,
    "height": 480,
    "fx": 554.2562584220408,
    "fy": 554.2562584220408,
    "cx": 0.040289917559015564,
    "cy": -0.040529233486375715
  },
  "T_wc": [
    [
      0.999999999999,
      0.0,
      0.0,
      0.0
    ],
    [
      -0.0,
      0.9999999999965001,
      0.0,
      0.0
    ],
    [
      0.0,
      0.0,
      -0.9999999999975001,
      0.41501416601240637
    ],
    [
      0.0,
      0.0,
      0.0,
      1.0
    ]
  ],
  "bin_size": {
    "w": 0.25,
    "d": 0.25
  },
  "z_floor": 0.0,
  "piece_aabb": {
    "w": 0.0300283320248127,
    "d": 0.0300283320248127,
    "h": 0.0300283320248127
  },
  "poses": [
    {
      "R": [
        [
          0.5612863771901531,
          -0.22487815390399807,
          -0.7964844120743877
        ],
        [
          0.8177527203971704,
          0.29886905314722856,
          0.4918920383111587
        ],
        [
          0.12742876858771135,
          -0.9274195948801216,
          0.3516458502081472
        ]
      ],
      "tx": 0.08899391396505651,
      "ty": -0.005293118598515695,
      "tz": 0.0
    },
    {
      "R": [
        [
          0.24195750773872682,
          0.09313481760104492,
          0.965806642242268
        ],
        [
          0.8213214025669308,
          -0.5496326663332272,
          -0.15275825930180403
        ],
        [
          0.5166117673208321,
          0.8301986737220481,
          -0.20948136913768423
        ]
      ],
      "tx": -0.03698308143618393,
      "ty": 0.049714975183748705,
      "tz": 0.0
    },
    {
      "R": [
        [
          0.2868045757771527,
          0.7898448747989343,
          -0.542114571900759
        ],
        [
          -0.6162136008509286,
          0.5853851689989813,
          0.5268823417446882
        ],
        [
          0.7335011475380386,
          0.1829461059161684,
          0.654604299474492
        ]
      ],
      "tx": -0.08823462492457976,
      "ty": 0.08696077638312763,
      "tz": 0.0
    },
    {
      "R": [
        [
          0.08157165407509259,
          -0.941069871670373,
          -0.3282279114971195
        ],
        [
          -0.7200604733573884,
          0.1720515410593786,
          -0.6722433948559305
        ],
        [
          0.6891001233201072,
          0.2911799509811767,
          -0.6635926884669634
        ]
      ],
      "tx": -0.016103000257041797,
      "ty": -0.059626788758622686,
      "tz": 0.0
    },
    {
      "R": [
        [
          -0.99340884792623,
          -0.02990530645192013,
          0.11065502025618659
        ],
        [
          0.07678718389296593,
          0.5431148239101133,
          0.8361399502708111
        ],
        [
          -0.08510340329075067,
          0.8391257120927134,
          -0.537238727246304
        ]
      ],
      "tx": 0.008382278387655553,
      "ty": 0.009012426582570121,
      "tz": 0.0
    },
    {
      "R": [
        [
          0.1732133752739533,
          0.9638741909018061,
          -0.202345424310986
        ],
        [
          -0.9334755949425179,
          0.09515999564696687,
          -0.34578590034178874
        ],
        [
          -0.31403891522057714,
          0.24877925826293795,
          0.9162360178388675
        ]
      ],
      "tx": -0.09884216583792615,
      "ty": -0.053943300434700255,
      "tz": 0.0
    },
    {
      "R": [
        [
          -0.15459609122388662,
          -0.9833101802259158,
          -0.09592256273876523
        ],
        [
          0.8693189243723419,
          -0.08925245151658512,
          -0.48612612316804565
        ],
        [
          0.46945144190470856,
          -0.15854049754670357,
          0.8686082283349805
        ]
      ],
      "tx": 0.08654816638611174,
      "ty": 0.08506549050968787,
      "tz": 0.0
    },
    {
      "R": [
        [
          -0.7580337836890458,
          -0.3281856672082296,
          -0.5636301541127465
        ],
        [
          -0.3661362891448672,
          -0.5010357049829961,
          0.7841603408126546
        ],
        [
          -0.5397490162633883,
          0.8007854832420988,
          0.2596413088694153
        ]
      ],
      "tx": -0.08882128528254812,
      "ty": 0.020337095964299015,
      "tz": 0.0
    },
    {
      "R": [
        [
          0.6176483846792039,
          0.7864283657387334,
          0.006395190745791035
        ],
        [
          -0.04528070517310423,
          0.04367858218732967,
          -0.9980189573335423
        ],
        [
          -0.7851497504566862,
          0.6161352181295998,
          0.06258803670186386
        ]
      ],
      "tx": 0.09312465710648565,
      "ty": -0.07597942173863605,
      "tz": 0.0
    },
    {
      "R": [
        [
          -0.03541157446991461,
          -0.9212876526026157,
          -0.38726616371111483
        ],
        [
          0.48894560109684493,
          -0.3539346439407627,
          0.7972844329262742
        ],
        [
          -0.8715952154306532,
          -0.16111899012992792,
          0.4629929280862781
        ]
      ],
      "tx": 0.012051620360285481,
      "ty": 0.09256708702488925,
      "tz": 0.0
    },
    {
      "R": [
        [
          -0.4559743706421986,
          0.8541760645961514,
          -0.24994124107174037
        ],
        [
          -0.6921126332415193,
          -0.16376662952298093,
          0.7029655709650172
        ],
        [
          0.5595243303243753,
          0.49352177431772326,
          0.665859431148456
        ]
      ],
      "tx": 0.0375299713596724,
      "ty": -0.09792339105504205,
      "tz": 0.0
    },
    {
      "R": [
        [
          0.17920675315356416,
          -0.19017151209426097,
          -0.965256305657694
        ],
        [
          -0.9457592728203569,
          0.23693238633178548,
          -0.2222666015879023
        ],
        [
          0.27096925563330465,
          0.9527317777291298,
          -0.13739658731797055
        ]
      ],
      "tx": 0.040289917559015564,
      "ty": -0.040529233486375715,
      "tz": 0.0
    }
  ],
  "points_N": 31491
}