{
  "type": "scene",
  "distance_m": 0.4,
  "num_objects": 7,
  "intrinsics": {
    "width": 640,
    "height": 480,
    "fx": 554.2562584220408,
    "fy": 554.2562584220408,
    "cx": 0.04723659693017218,
    "cy": -0.02691981315232332
  },
  "T_wc": [
    [
      0.999999999999,
      0.0,
      0.0,
      0.0
    ],
    [
      -0.0,
      0.9999999999965001,
      0.0,
      0.0
    ],
    [
      0.0,
      0.0,
      -0.9999999999975001,
      0.41501416601240637
    ],
    [
      0.0,
      0.0,
      0.0,
      1.0
    ]
  ],
  "bin_size": {
    "w": 0.25,
    "d": 0.25
  },
  "z_floor": 0.0,
  "piece_aabb": {
    "w": 0.0300283320248127,
    "d": 0.0300283320248127,
    "h": 0.0300283320248127
  },
  "poses": [
    {
      "R": [
        [
          0.42103229264303454,
          -0.39467167272409154,
          0.8166799123897426
        ],
        [
          0.785286006543322,
          -0.2919902161276797,
          -0.5459556773337484
        ],
        [
          0.4539357845323406,
          0.871192277534,
          0.18699283164370284
        ]
      ],
      "tx": -0.06242620485315203,
      "ty": -0.07425559344527576,
      "tz": 0.0
    },
    {
      "R": [
        [
          -0.7938156243371388,
          0.6046412734433576,
          0.06531221177569574
        ],
        [
          -0.5883411057529543,
          -0.7363151335341878,
          -0.33420767108180266
        ],
        [
          -0.1539853819024054,
          -0.3037251299733463,
          0.9402337728368644
        ]
      ],
      "tx": 0.04424242346863466,
      "ty": 0.05481447044137264,
      "tz": 0.0
    },
    {
      "R": [
        [
          0.07081874706681124,
          -0.8995306413871121,
          0.4310792621659939
        ],
        [
          0.662507972953671,
          -0.2806590558047557,
          -0.6944880705725627
        ],
        [
          0.7456995982543538,
          0.3347762231707529,
          0.5760702991500443
        ]
      ],
      "tx": 0.09687365352176261,
      "ty": -0.08164730083534846,
      "tz": 0.0
    },
    {
      "R": [
        [
          0.6423203488236717,
          0.3822321628604751,
          0.6643215660823001
        ],
        [
          0.6662281417737449,
          -0.7069507977321057,
          -0.23740394414297672
        ],
        [
          0.37889923805114667,
          0.5950791067252672,
          -0.7087427065891527
        ]
      ],
      "tx": -0.007866718621163435,
      "ty": 0.024165836701200483,
      "tz": 0.0
    },
    {
      "R": [
        [
          -0.7369917695790864,
          -0.6755089958700171,
          0.02303753613927495
        ],
        [
          0.36819229823423405,
          -0.4298204564976482,
          -0.8244324148753168
        ],
        [
          0.5668135170350829,
          -0.5991176609605451,
          0.5654913485027735
        ]
      ],
      "tx": -0.04993011518773517,
      "ty": 0.08592306319194906,
      "tz": 0.0
    },
    {
      "R": [
        [
          0.7788379866951074,
          0.21227544735973447,
          -0.590212271076209
        ],
        [
          -0.07331293428728926,
          -0.9037302684823243,
          -0.4217781591015042
        ],
        [
          -0.6229258416111016,
          0.37176704571154606,
          -0.6882969268971131
        ]
      ],
      "tx": 0.09012205058502851,
      "ty": 0.011279650253225026,
      "tz": 0.0
    },
    {
      "R": [
        [
          -0.6587045388330011,
          0.5089617417715735,
          -0.5541356115010563
        ],
        [
          0.7408515617038551,
          0.31018876453256006,
          -0.5957532155840395
        ],
        [
          -0.13132895355466104,
          -0.8029575803058404,
          -0.5813878483315829
        ]
      ],
      "tx": 0.04723659693017218,
      "ty": -0.02691981315232332,
      "tz": 0.0
    }
  ],
  "points_N": 19472
}