{
  "type": "scene",
  "distance_m": 0.4,
  "num_objects": 13,
  "intrinsics": {
    "width": 640,
    "height": 480,
    "fx": 554.2562584220408,
    "fy": 554.2562584220408,
    "cx": 0.024859626084365594,
    "cy": -0.03844381739133783
  },
  "T_wc": [
    [
      0.999999999999,
      0.0,
      0.0,
      0.0
    ],
    [
      -0.0,
      0.9999999999965001,
      0.0,
      0.0
    ],
    [
      0.0,
      0.0,
      -0.9999999999975001,
      0.41501416601240637
    ],
    [
      0.0,
      0.0,
      0.0,
      1.0
    ]
  ],
  "bin_size": {
    "w": 0.25,
    "d": 0.25
  },
  "z_floor": 0.0,
  "piece_aabb": {
    "w": 0.0300283320248127,
    "d": 0.0300283320248127,
    "h": 0.0300283320248127
  },
  "poses": [
    {
      "R": [
        [
          -0.12329587910483597,
          0.5981657194983346,
          0.7918307257317093
        ],
        [
          0.3937036810291838,
          0.7619220925588852,
          -0.5142685450372795
        ],
        [
          -0.9109311377595107,
          0.24833947911624776,
          -0.32944189984340855
        ]
      ],
      "tx": -0.07438990685166164,
      "ty": 0.03778024566890076,
      "tz": 0.0
    },
    {
      "R": [
        [
          0.6320131235041994,
          0.39851141878919916,
          0.6646413023677397
        ],
        [
          -0.7500898164848713,
          0.5300973114282669,
          0.3954264882657903
        ],
        [
          -0.19474259658368986,
          -0.7484554024864425,
          0.6339478145436734
        ]
      ],
      "tx": -0.09059675599203036,
      "ty": -0.0777641577608815,
      "tz": 0.0
    },
    {
      "R": [
        [
          -0.06809027180650817,
          -0.9730688663887173,
          -0.2202287359776012
        ],
        [
          -0.8405223271743267,
          0.17486961597592188,
          -0.5127795188284019
        ],
        [
          0.5374810995809709,
          0.15019187286071722,
          -0.8297930277604286
        ]
      ],
      "tx": 0.0713627710685302,
      "ty": -0.07599375530384009,
      "tz": 0.0
    },
    {
      "R": [
        [
          0.9579315917930944,
          0.28214577983574,
          0.05254354732629392
        ],
        [
          0.1225617267647263,
          -0.5677164503009293,
          0.8140495409925376
        ],
        [
          0.2595104787425682,
          -0.7733639447107646,
          -0.5784137968999428
        ]
      ],
      "tx": -0.025821261158084988,
      "ty": 0.08838055610882006,
      "tz": 0.0
    },
    {
      "R": [
        [
          -0.35414297129565386,
          0.46718620106490777,
          0.8101356734624299
        ],
        [
          0.9295423037384332,
          0.08077621130069457,
          0.35975868196410743
        ],
        [
          0.10263460158509807,
          0.8804613888311315,
          -0.4628756650927146
        ]
      ],
      "tx": 0.08193726366622603,
      "ty": 0.04048484467866062,
      "tz": 0.0
    },
    {
      "R": [
        [
          -0.9506571718641892,
          -0.26586843831517276,
          0.1598903220680743
        ],
        [
          -0.30018596608568165,
          0.658112006520333,
          -0.6904903856238602
        ],
        [
          0.07835385981805452,
          -0.7044164679943481,
          -0.7054488728958181
        ]
      ],
      "tx": 0.0041902023410231165,
      "ty": 0.015374313678490611,
      "tz": 0.0
    },
    {
      "R": [
        [
          -0.9303450928464718,
          0.3155898833938105,
          0.18671109692776866
        ],
        [
          -0.35988051916794034,
          -0.883487520683736,
          -0.2998930021182869
        ],
        [
          0.07031372653972512,
          -0.3461976693965258,
          0.9355229305391239
        ]
      ],
      "tx": -0.026140026299048588,
      "ty": -0.088542718374472,
      "tz": 0.0
    },
    {
      "R": [
        [
          -0.5334749012519111,
          0.2991744580635789,
          0.7911378978260535
        ],
        [
          -0.6292386059986973,
          -0.7654235925959938,
          -0.1348536266411024
        ],
        [
          0.5652108513246004,
          -0.56975553313663,
          0.5965863944183734
        ]
      ],
      "tx": -0.09757043200975961,
      "ty": -0.0199271902696547,
      "tz": 0.0
    },
    {
      "R": [
        [
          -0.18663863925146273,
          0.7850304453350307,
          0.5906718363316855
        ],
        [
          0.7473049709753901,
          -0.2768405234241984,
          0.6040650668145667
        ],
        [
          0.6377313687547709,
          0.5541538815954453,
          -0.5349880155843374
        ]
      ],
      "tx": 0.05940685796594006,
      "ty": 0.0968970853575718,
      "tz": 0.0
    },
    {
      "R": [
        [
          0.6233556055532796,
          0.2748512468927987,
          -0.7320413793678455
        ],
        [
          0.7777585384366622,
          -0.12126721618921299,
          0.616754341830348
        ],
        [
          0.08074307966736843,
          -0.9538087095215646,
          -0.2893605030522248
        ]
      ],
      "tx": 0.09074206337122862,
      "ty": -0.021701279716026242,
      "tz": 0.0
    },
    {
      "R": [
        [
          0.5248435164958187,
          -0.7359132938602924,
          -0.4277509872717983
        ],
        [
          -0.33077373788276665,
          -0.6393626274398296,
          0.6941211457377597
        ],
        [
          -0.7843009738100329,
          -0.22281619006017603,
          -0.5789861206693141
        ]
      ],
      "tx": -0.09890948207231696,
      "ty": 0.09384942001355945,
      "tz": 0.0
    },
    {
      "R": [
        [
          -0.040654098333939404,
          -0.9705139457971496,
          -0.2375919302120803
        ],
        [
          -0.333110651433726,
          -0.21101994895027287,
          0.9189710958710418
        ],
        [
          -0.9420109013116851,
          0.11650434394593168,
          -0.31470970695495737
        ]
      ],
      "tx": -0.039838976097543305,
      "ty": -0.023170032494054207,
      "tz": 0.0
    },
    {
      "R": [
        [
          -0.9654290388811739,
          -0.12646226145822395,
          0.22793434868804802
        ],
        [
          -0.2277499428164906,
          0.8345766736846986,
          -0.5016091499249883
        ],
        [
          -0.12679406307890806,
          -0.5361800743857011,
          -0.8345263287636202
        ]
      ],
      "tx": 0.024859626084365594,
      "ty": -0.03844381739133783,
      "tz": 0.0
    }
  ],
  "points_N": 34833
}