{
  "type": "scene",
  "distance_m": 0.4,
  "num_objects": 5,
  "intrinsics": {
    "width": 640,
    "height": 480,
    "fx": 554.2562584220408,
    "fy": 554.2562584220408,
    "cx": 0.07755367281303382,
    "cy": -0.0013638974991115604
  },
  "T_wc": [
    [
      0.999999999999,
      0.0,
      0.0,
      0.0
    ],
    [
      -0.0,
      0.9999999999965001,
      0.0,
      0.0
    ],
    [
      0.0,
      0.0,
      -0.9999999999975001,
      0.41501416601240637
    ],
    [
      0.0,
      0.0,
      0.0,
      1.0
    ]
  ],
  "bin_size": {
    "w": 0.25,
    "d": 0.25
  },
  "z_floor": 0.0,
  "piece_aabb": {
    "w": 0.0300283320248127,
    "d": 0.0300283320248127,
    "h": 0.0300283320248127
  },
  "poses": [
    {
      "R": [
        [
          -0.16641138154446122,
          -0.7662174949115358,
          0.6206593289268715
        ],
        [
          -0.2521751533214066,
          0.6415741988672617,
          0.7244240742791175
        ],
        [
          -0.9532654111735036,
          -0.035962450407639734,
          -0.2999862630536425
        ]
      ],
      "tx": -0.025249531840852962,
      "ty": -0.0054797514354999605,
      "tz": 0.0
    },
    {
      "R": [
        [
          -0.37498936263161897,
          -0.10662676807261556,
          0.9208765988141521
        ],
        [
          0.926164020138109,
          -0.00018610647771977185,
          0.37712089993262815
        ],
        [
          -0.04003980163223231,
          0.9942990987096225,
          0.09882366412192922
        ]
      ],
      "tx": -0.09808427748850558,
      "ty": 0.019921307998327295,
      "tz": 0.0
    },
    {
      "R": [
        [
          -0.0007335666184733469,
          -0.5018259530645217,
          -0.8649683085008957
        ],
        [
          -0.9740645295227681,
          -0.19535722336336647,
          0.11416587758758867
        ],
        [
          -0.22626920737388206,
          0.8426186967487964,
          -0.4886675533363709
        ]
      ],
      "tx": 0.09305413086021147,
      "ty": -0.06389225956955005,
      "tz": 0.0
    },
    {
      "R": [
        [
          0.5953602209322302,
          -0.8003458690735799,
          -0.07065902057332885
        ],
        [
          -0.5241172354604029,
          -0.3202084906683451,
          -0.7891562874343997
        ],
        [
          0.6089723563716752,
          0.5068658721602356,
          -0.6101144620596801
        ]
      ],
      "tx": -0.04489744687091668,
      "ty": 0.05272991776464436,
      "tz": 0.0
    },
    {
      "R": [
        [
          -0.4427285582205316,
          -0.28288458929580784,
          -0.8508629342467046
        ],
        [
          0.49289588330189227,
          -0.8694771677298647,
          0.032605260626171556
        ],
        [
          -0.7490294199562638,
          -0.4049515575169397,
          0.5243750223881642
        ]
      ],
      "tx": 0.07755367281303382,
      "ty": -0.0013638974991115604,
      "tz": 0.0
    }
  ],
  "points_N": 13460
}