{
  "type": "scene",
  "distance_m": 0.4,
  "num_objects": 12,
  "intrinsics": {
    "width": 640,
    "height": 480,
    "fx": 554.2562584220408,
    "fy": 554.2562584220408,
    "cx": -0.02563958072527224,
    "cy": -0.04322171972117484
  },
  "T_wc": [
    [
      0.999999999999,
      0.0,
      0.0,
      0.0
    ],
    [
      -0.0,
      0.9999999999965001,
      0.0,
      0.0
    ],
    [
      0.0,
      0.0,
      -0.9999999999975001,
      0.41501416601240637
    ],
    [
      0.0,
      0.0,
      0.0,
      1.0
    ]
  ],
  "bin_size": {
    "w": 0.25,
    "d": 0.25
  },
  "z_floor": 0.0,
  "piece_aabb": {
    "w": 0.0300283320248127,
    "d": 0.0300283320248127,
    "h": 0.0300283320248127
  },
  "poses": [
    {
      "R": [
        [
          0.19251750934035494,
          -0.5645102129802854,
          -0.8026613408146298
        ],
        [
          -0.4892284986917973,
          0.6538427084373253,
          -0.5771873081514466
        ],
        [
          0.8506423952902632,
          0.5038034657128668,
          -0.15029831426382612
        ]
      ],
      "tx": 0.02360682837812836,
      "ty": -0.08156088730262458,
      "tz": 0.0
    },
    {
      "R": [
        [
          -0.6074257162997654,
          0.5509412643425883,
          -0.5722741671806507
        ],
        [
          0.7862787201074121,
          0.3143855142502108,
          -0.5319093181510178
        ],
        [
          -0.11313608391652585,
          -0.7730623983057389,
          -0.6241592383693539
        ]
      ],
      "tx": -0.024553968345797428,
      "ty": 0.0257393621317685,
      "tz": 0.0
    },
    {
      "R": [
        [
          0.22151851164947045,
          -0.8318491276508824,
          0.5088777631446176
        ],
        [
          -0.13712482312894336,
          -0.543229122171736,
          -0.8283108738308229
        ],
        [
          0.9654668983856772,
          0.1137064186886182,
          -0.23440247112722434
        ]
      ],
      "tx": -0.0650062500041571,
      "ty": -0.08546565707108325,
      "tz": 0.0
    },
    {
      "R": [
        [
          -0.40027604773773784,
          -0.5831053075957858,
          -0.7069422082893907
        ],
        [
          0.4721385919712341,
          -0.7923941089558384,
          0.38625992034315876
        ],
        [
          -0.7854070508843657,
          -0.17916410451233483,
          0.592482901082737
        ]
      ],
      "tx": 0.01991715732774192,
      "ty": 0.09509937576330843,
      "tz": 0.0
    },
    {
      "R": [
        [
          -0.568156793028681,
          -0.77139865953939,
          -0.2866041984971542
        ],
        [
          -0.24866028956870595,
          0.4929269877522142,
          -0.8337811734125062
        ],
        [
          0.7844526237619269,
          -0.40245135458383113,
          -0.4718760306125622
        ]
      ],
      "tx": -0.06050889244761748,
      "ty": 0.07353184237498389,
      "tz": 0.0
    },
    {
      "R": [
        [
          0.41615520760974156,
          -0.38334476980081733,
          0.8245372221104703
        ],
        [
          0.05540356951316247,
          -0.8944140586113614,
          -0.44379492588756864
        ],
        [
          0.9076041470071041,
          0.23036987482027838,
          -0.3509763996493158
        ]
      ],
      "tx": 0.09660133626678577,
      "ty": 0.037719568172259216,
      "tz": 0.0
    },
    {
      "R": [
        [
          0.5353156427489079,
          -0.5298529101051538,
          -0.6577940834953013
        ],
        [
          0.7638083951200832,
          -0.028813249413864872,
          0.6447996062361524
        ],
        [
          -0.36060213278959735,
          -0.8475999588905808,
          0.38928191778745547
        ]
      ],
      "tx": 0.07866463476385771,
      "ty": -0.04560890785559991,
      "tz": 0.0
    },
    {
      "R": [
        [
          0.14816757542510817,
          0.8502016717580707,
          0.5051766888252334
        ],
        [
          0.46465492915594786,
          -0.5107699736135796,
          0.7233324483706397
        ],
        [
          0.8730075408630362,
          0.12755842345594015,
          -0.47072994614928554
        ]
      ],
      "tx": -0.08074764996427347,
      "ty": -0.014473573356850844,
      "tz": 0.0
    },
    {
      "R": [
        [
          -0.33176815109927227,
          -0.5787823790573832,
          -0.7449435224289465
        ],
        [
          0.5184320415719257,
          -0.7715965352326211,
          0.36860141764320414
        ],
        [
          -0.7881358462776171,
          -0.2639123803645638,
          0.5560504862893063
        ]
      ],
      "tx": 0.025916498525821008,
      "ty": -0.017534476946872657,
      "tz": 0.0
    },
    {
      "R": [
        [
          0.7229893844139603,
          0.6336052100079644,
          -0.27537390558200286
        ],
        [
          0.4574526955409898,
          -0.7377503823743625,
          -0.4964487935817391
        ],
        [
          -0.5177097462546026,
          0.2329566722745776,
          -0.8232301060309624
        ]
      ],
      "tx": 0.09823618018282307,
      "ty": 0.09845243257070072,
      "tz": 0.0
    },
    {
      "R": [
        [
          -0.9539381213559235,
          0.26847008416721485,
          0.13388754434666347
        ],
        [
          0.16466292743538005,
          0.09549935699814482,
          0.9817158413417559
        ],
        [
          0.2507751601581424,
          0.9585424803941605,
          -0.1353075471933054
        ]
      ],
      "tx": 0.03305448503312289,
      "ty": 0.039335728145869026,
      "tz": 0.0
    },
    {
      "R": [
        [
          -0.08436568551298373,
          -0.9677783660412487,
          -0.23724979521688724
        ],
        [
          -0.9621958601780756,
          0.0172446281617199,
          0.2718119744524459
        ],
        [
          -0.25896246400607437,
          0.2512123743411034,
          -0.9326471922510717
        ]
      ],
      "tx": -0.02563958072527224,
      "ty": -0.04322171972117484,
      "tz": 0.0
    }
  ],
  "points_N": 33374
}