{
  "type": "scene",
  "distance_m": 0.4,
  "num_objects": 11,
  "intrinsics": {
    "width": 640,
    "height": 480,
    "fx": 554.2562584220408,
    "fy": 554.2562584220408,
    "cx": -0.008356906706004835,
    "cy": 0.09644817422620078
  },
  "T_wc": [
    [
      0.999999999999,
      0.0,
      0.0,
      0.0
    ],
    [
      -0.0,
      0.9999999999965001,
      0.0,
      0.0
    ],
    [
      0.0,
      0.0,
      -0.9999999999975001,
      0.41501416601240637
    ],
    [
      0.0,
      0.0,
      0.0,
      1.0
    ]
  ],
  "bin_size": {
    "w": 0.25,
    "d": 0.25
  },
  "z_floor": 0.0,
  "piece_aabb": {
    "w": 0.0300283320248127,
    "d": 0.0300283320248127,
    "h": 0.0300283320248127
  },
  "poses": [
    {
      "R": [
        [
          -0.6125537283688212,
          -0.08814725431736738,
          0.7854985623269887
        ],
        [
          0.10697351243533403,
          0.9753746030457552,
          0.19287574075187114
        ],
        [
          -0.7831568153944038,
          0.20217429433447992,
          -0.5880399282460769
        ]
      ],
      "tx": 0.09332068328992257,
      "ty": 0.0553349808614535,
      "tz": 0.0
    },
    {
      "R": [
        [
          -0.4299140852282659,
          -0.8640217534914197,
          -0.2619929174919724
        ],
        [
          0.8683804660308724,
          -0.4751368713302575,
          0.14198704067096857
        ],
        [
          -0.24716238698140988,
          -0.16646730308413882,
          0.9545676463538586
        ]
      ],
      "tx": 0.07484839038765156,
      "ty": -0.0647485770236523,
      "tz": 0.0
    },
    {
      "R": [
        [
          -0.42000129103242845,
          -0.6915129569070511,
          -0.5877148508934925
        ],
        [
          0.8828167952067869,
          -0.1612379451789414,
          -0.4411766439140796
        ],
        [
          0.21031743064213967,
          -0.7041393011784951,
          0.6781993975992231
        ]
      ],
      "tx": -0.04519327518916198,
      "ty": -0.0868776093344778,
      "tz": 0.0
    },
    {
      "R": [
        [
          -0.7911990800533135,
          0.08887061463721968,
          0.6050669628865827
        ],
        [
          0.42881094110072837,
          -0.6248004819947575,
          0.6524917888306536
        ],
        [
          0.4360334763697601,
          0.775710236849509,
          0.45623287467233276
        ]
      ],
      "tx": 0.05027966135838349,
      "ty": 0.09534701663875858,
      "tz": 0.0
    },
    {
      "R": [
        [
          0.24426651829965174,
          -0.6844904380070075,
          -0.6868818736251094
        ],
        [
          0.5444464343572618,
          0.6829624811083103,
          -0.48697056329314675
        ],
        [
          0.8024412428043748,
          -0.25501978290978905,
          0.5394932457141743
        ]
      ],
      "tx": 0.010367251810102285,
      "ty": 0.012771953574017031,
      "tz": 0.0
    },
    {
      "R": [
        [
          0.41421186964200174,
          0.37102354426211737,
          -0.8311257766733348
        ],
        [
          0.8888667737090908,
          0.03156048171889081,
          0.45707744922459626
        ],
        [
          0.19581722509439536,
          -0.9280869924726066,
          -0.31671777461879635
        ]
      ],
      "tx": -0.09323416910933541,
      "ty": 0.013389758537049615,
      "tz": 0.0
    },
    {
      "R": [
        [
          -0.5084485790539395,
          0.8467331259474363,
          0.15659839041737605
        ],
        [
          -0.6420391079292537,
          -0.4939710054319726,
          0.586326214390875
        ],
        [
          0.5738168926996121,
          0.19757443968238675,
          0.7947946366431726
        ]
      ],
      "tx": -0.0016698689532848587,
      "ty": -0.047644732172074426,
      "tz": 0.0
    },
    {
      "R": [
        [
          0.1264680867773984,
          0.966693395593243,
          0.22250775704067155
        ],
        [
          -0.6202654131191471,
          0.2521132697387034,
          -0.7427716449285027
        ],
        [
          -0.7741296017560615,
          -0.044076956996438044,
          0.6314907612522418
        ]
      ],
      "tx": 0.07072428958564647,
      "ty": -0.004384982625686387,
      "tz": 0.0
    },
    {
      "R": [
        [
          -0.0677055857036506,
          -0.08087980486015028,
          -0.9944216464007156
        ],
        [
          -0.937656808779666,
          -0.3354053913561954,
          0.09112042799685921
        ],
        [
          -0.3409041839192634,
          0.938595589492611,
          -0.0531286812499574
        ]
      ],
      "tx": -0.06260680414556852,
      "ty": 0.06744587134273955,
      "tz": 0.0
    },
    {
      "R": [
        [
          -0.8790518926177222,
          0.403969396362825,
          -0.2531333579113113
        ],
        [
          -0.1707472364419515,
          -0.7625519235185518,
          -0.6239871354327697
        ],
        [
          -0.44509903542092466,
          -0.5052952510566593,
          0.7392993696243426
        ]
      ],
      "tx": -0.0922062898310441,
      "ty": -0.04490374669596095,
      "tz": 0.0
    },
    {
      "R": [
        [
          0.6429201579110537,
          0.7659043760752924,
          0.006645092952169918
        ],
        [
          -0.5354714259428703,
          0.44325155186062326,
          0.7188869269724261
        ],
        [
          0.5476531955081929,
          -0.4657451540079256,
          0.6950952661094727
        ]
      ],
      "tx": -0.008356906706004835,
      "ty": 0.09644817422620078,
      "tz": 0.0
    }
  ],
  "points_N": 30167
}