{
  "type": "scene",
  "distance_m": 0.4,
  "num_objects": 5,
  "intrinsics": {
    "width": 640,
    "height": 480,
    "fx": 554.2562584220408,
    "fy": 554.2562584220408,
    "cx": -0.060705995262523633,
    "cy": 0.010112404476468093
  },
  "T_wc": [
    [
      0.999999999999,
      0.0,
      0.0,
      0.0
    ],
    [
      -0.0,
      0.9999999999965001,
      0.0,
      0.0
    ],
    [
      0.0,
      0.0,
      -0.9999999999975001,
      0.41501416601240637
    ],
    [
      0.0,
      0.0,
      0.0,
      1.0
    ]
  ],
  "bin_size": {
    "w": 0.25,
    "d": 0.25
  },
  "z_floor": 0.0,
  "piece_aabb": {
    "w": 0.0300283320248127,
    "d": 0.0300283320248127,
    "h": 0.0300283320248127
  },
  "poses": [
    {
      "R": [
        [
          0.607621792371325,
          -0.7819293421842284,
          0.13922018986769963
        ],
        [
          0.6074197172944173,
          0.34457528672549476,
          -0.715757751491392
        ],
        [
          0.5117001509452861,
          0.5194750962359822,
          0.6843307533007621
        ]
      ],
      "tx": 0.07838236948683108,
      "ty": 0.09514309974753896,
      "tz": 0.0
    },
    {
      "R": [
        [
          0.023944760514110985,
          0.6600175716881481,
          0.7508684661821952
        ],
        [
          0.9997127031340912,
          -0.016617533230019133,
          -0.017273354673531915
        ],
        [
          0.0010768640816234964,
          0.7510663503660842,
          -0.6602258535618855
        ]
      ],
      "tx": 0.006578729403672726,
      "ty": -0.08718066877191656,
      "tz": 0.0
    },
    {
      "R": [
        [
          0.37173413855309834,
          0.5320773415236616,
          0.760728225367837
        ],
        [
          -0.48185475848411735,
          -0.5898318147930017,
          0.6480080416045828
        ],
        [
          0.7934921057958918,
          -0.6074472264280302,
          0.03712337733146809
        ]
      ],
      "tx": -0.025853811024894827,
      "ty": 0.08921142944717092,
      "tz": 0.0
    },
    {
      "R": [
        [
          0.8001289517366734,
          0.599534751291237,
          -0.018754801703204753
        ],
        [
          -0.5841109390427368,
          0.7858931473962127,
          0.20294425778101435
        ],
        [
          0.13641140525404857,
          -0.151426691404881,
          0.9790106667686449
        ]
      ],
      "tx": 0.09390451694234536,
      "ty": -0.017819669976986655,
      "tz": 0.0
    },
    {
      "R": [
        [
          0.033323000837477856,
          -0.9444931534449981,
          0.32683674932710516
        ],
        [
          -0.763496638167138,
          0.1869716813246436,
          0.6181540858799808
        ],
        [
          -0.6449515184280631,
          -0.27013750846218937,
          -0.714886889933769
        ]
      ],
      "tx": -0.060705995262523633,
      "ty": 0.010112404476468093,
      "tz": 0.0
    }
  ],
  "points_N": 13621
}